1038
0.432809 0.172848 0.604561  0.359136 0.000985 0.534765  0.357667 0.015522 0.736752
0.401594 -0.001764 0.135636  0.359136 0.000985 0.534765  0.428050 0.207370 0.282844
0.359136 0.000985 0.534765  0.432809 0.172848 0.604561  0.428050 0.207370 0.282844
0.730419 0.054164 -0.134109  0.480453 0.040148 -0.059051  0.712993 0.213045 -0.243134
0.712993 0.213045 -0.243134  0.480453 0.040148 -0.059051  0.471480 0.180577 -0.128480
0.471480 0.180577 -0.128480  0.480453 0.040148 -0.059051  0.409612 0.155819 0.074741
0.480453 0.040148 -0.059051  0.401594 -0.001764 0.135636  0.409612 0.155819 0.074741
0.409612 0.155819 0.074741  0.401594 -0.001764 0.135636  0.428050 0.207370 0.282844
0.602597 0.893130 -0.436234  0.791309 0.866232 -0.310213  0.585011 0.611598 -0.375944
0.791309 0.866232 -0.310213  0.739190 0.611598 -0.258267  0.585011 0.611598 -0.375944
0.585011 0.611598 -0.375944  0.739190 0.611598 -0.258267  0.602617 0.539031 -0.268935
0.739190 0.611598 -0.258267  0.809090 0.373491 -0.174151  0.602617 0.539031 -0.268935
0.602617 0.539031 -0.268935  0.809090 0.373491 -0.174151  0.712993 0.213045 -0.243134
0.809090 0.373491 -0.174151  0.857412 0.156117 -0.096371  0.712993 0.213045 -0.243134
0.712993 0.213045 -0.243134  0.857412 0.156117 -0.096371  0.730419 0.054164 -0.134109
0.730419 0.054164 -0.134109  0.857412 0.156117 -0.096371  0.943946 0.013981 -0.006297
0.857412 0.156117 -0.096371  0.932808 0.156306 0.133486  0.943946 0.013981 -0.006297
0.943946 0.013981 -0.006297  0.932808 0.156306 0.133486  1.084423 0.145670 0.383125
1.084423 0.145670 0.383125  0.932808 0.156306 0.133486  0.836982 0.207371 0.266114
0.932808 0.156306 0.133486  0.864062 0.374124 -0.001104  0.836982 0.207371 0.266114
0.836982 0.207371 0.266114  0.864062 0.374124 -0.001104  0.664052 0.372634 0.198902
0.664052 0.372634 0.198902  0.864062 0.374124 -0.001104  0.602597 0.806118 0.076131
0.864062 0.374124 -0.001104  0.839189 0.843123 -0.133711  0.602597 0.806118 0.076131
0.602597 0.806118 0.076131  0.839189 0.843123 -0.133711  0.760643 1.084400 0.103974
0.760643 1.084400 0.103974  0.839189 0.843123 -0.133711  0.760643 1.183782 -0.152130
0.839189 0.843123 -0.133711  0.791309 0.866232 -0.310213  0.760643 1.183782 -0.152130
0.791309 0.866232 -0.310213  0.602597 0.893130 -0.436234  0.760643 1.183782 -0.152130
0.760643 1.183782 -0.152130  0.602597 0.893130 -0.436234  0.602597 1.191194 -0.274422
0.791309 0.866232 -0.310213  0.839189 0.843123 -0.133711  0.739190 0.611598 -0.258267
0.839189 0.843123 -0.133711  0.864062 0.374124 -0.001104  0.739190 0.611598 -0.258267
0.739190 0.611598 -0.258267  0.864062 0.374124 -0.001104  0.809090 0.373491 -0.174151
0.809090 0.373491 -0.174151  0.864062 0.374124 -0.001104  0.857412 0.156117 -0.096371
0.864062 0.374124 -0.001104  0.932808 0.156306 0.133486  0.857412 0.156117 -0.096371
0.602597 0.806118 0.076131  0.760643 1.084400 0.103974  0.602597 1.018556 0.160228
1.084423 0.145670 0.383125  1.164312 -0.004929 0.372863  0.943946 0.013981 -0.006297
1.084423 0.145670 0.383125  1.195882 0.003273 0.490548  1.164312 -0.004929 0.372863
1.084423 0.145670 0.383125  1.105876 -0.000741 0.450171  1.195882 0.003273 0.490548
0.776206 0.165146 0.635361  0.836982 0.207371 0.266114  0.633485 0.207371 0.351275
0.836982 0.207371 0.266114  0.664052 0.372634 0.198902  0.633485 0.207371 0.351275
1.105876 -0.000741 0.450171  1.084423 0.145670 0.383125  0.866999 0.025491 0.330680
1.084423 0.145670 0.383125  0.836982 0.207371 0.266114  0.866999 0.025491 0.330680
0.836982 0.207371 0.266114  0.776206 0.165146 0.635361  0.866999 0.025491 0.330680
0.866999 0.025491 0.330680  0.776206 0.165146 0.635361  0.849623 0.014823 0.690886
0.776206 0.165146 0.635361  0.819730 0.016138 0.809839  0.849623 0.014823 0.690886
-0.432809 0.172848 0.604561  -0.357667 0.015522 0.736752  -0.359136 0.000985 0.534765
-0.432809 0.172848 0.604561  -0.359136 0.000985 0.534765  -0.428050 0.207370 0.282844
-0.359136 0.000985 0.534765  -0.401594 -0.001764 0.135636  -0.428050 0.207370 0.282844
-0.791309 0.866232 -0.310213  -0.585011 0.611598 -0.375944  -0.739190 0.611598 -0.258267
-0.585011 0.611598 -0.375944  -0.602617 0.539031 -0.268935  -0.739190 0.611598 -0.258267
-0.602617 0.539031 -0.268935  -0.809090 0.373491 -0.174151  -0.739190 0.611598 -0.258267
-0.739190 0.611598 -0.258267  -0.809090 0.373491 -0.174151  -0.864062 0.374124 -0.001104
-0.809090 0.373491 -0.174151  -0.857412 0.156117 -0.096371  -0.864062 0.374124 -0.001104
-0.864062 0.374124 -0.001104  -0.857412 0.156117 -0.096371  -0.932808 0.156306 0.133486
-0.932808 0.156306 0.133486  -0.857412 0.156117 -0.096371  -0.943946 0.013981 -0.006297
-0.943946 0.013981 -0.006297  -0.857412 0.156117 -0.096371  -0.730419 0.054164 -0.134109
-0.857412 0.156117 -0.096371  -0.712993 0.213045 -0.243134  -0.730419 0.054164 -0.134109
-0.730419 0.054164 -0.134109  -0.712993 0.213045 -0.243134  -0.480453 0.040148 -0.059051
-0.712993 0.213045 -0.243134  -0.471480 0.180577 -0.128480  -0.480453 0.040148 -0.059051
-0.471480 0.180577 -0.128480  -0.409612 0.155819 0.074741  -0.480453 0.040148 -0.059051
-0.480453 0.040148 -0.059051  -0.409612 0.155819 0.074741  -0.401594 -0.001764 0.135636
-0.409612 0.155819 0.074741  -0.428050 0.207370 0.282844  -0.401594 -0.001764 0.135636
-0.857412 0.156117 -0.096371  -0.809090 0.373491 -0.174151  -0.712993 0.213045 -0.243134
-0.809090 0.373491 -0.174151  -0.602617 0.539031 -0.268935  -0.712993 0.213045 -0.243134
-0.602597 0.806118 0.076131  -0.864062 0.374124 -0.001104  -0.664052 0.372634 0.198902
-0.664052 0.372634 0.198902  -0.864062 0.374124 -0.001104  -0.836982 0.207371 0.266114
-0.864062 0.374124 -0.001104  -0.932808 0.156306 0.133486  -0.836982 0.207371 0.266114
-0.836982 0.207371 0.266114  -0.932808 0.156306 0.133486  -1.084423 0.145670 0.383125
-0.932808 0.156306 0.133486  -0.943946 0.013981 -0.006297  -1.084423 0.145670 0.383125
-1.084423 0.145670 0.383125  -0.943946 0.013981 -0.006297  -1.164312 -0.004929 0.372863
-1.084423 0.145670 0.383125  -1.164312 -0.004929 0.372863  -1.195882 0.003273 0.490548
-1.084423 0.145670 0.383125  -1.195882 0.003273 0.490548  -1.105876 -0.000741 0.450171
-0.836982 0.207371 0.266114  -1.084423 0.145670 0.383125  -0.866999 0.025491 0.330680
-1.084423 0.145670 0.383125  -1.105876 -0.000741 0.450171  -0.866999 0.025491 0.330680
-0.664052 0.372634 0.198902  -0.836982 0.207371 0.266114  -0.633485 0.207371 0.351275
-0.633485 0.207371 0.351275  -0.836982 0.207371 0.266114  -0.776206 0.165146 0.635361
-0.836982 0.207371 0.266114  -0.866999 0.025491 0.330680  -0.776206 0.165146 0.635361
-0.776206 0.165146 0.635361  -0.866999 0.025491 0.330680  -0.849623 0.014823 0.690886
-0.776206 0.165146 0.635361  -0.849623 0.014823 0.690886  -0.819730 0.016138 0.809839
-0.585011 0.611598 -0.375944  -0.791309 0.866232 -0.310213  -0.602597 0.893130 -0.436234
-0.791309 0.866232 -0.310213  -0.760643 1.183782 -0.152130  -0.602597 0.893130 -0.436234
-0.602597 0.893130 -0.436234  -0.760643 1.183782 -0.152130  -0.602597 1.191194 -0.274422
-0.602597 1.191194 -0.274422  -0.760643 1.183782 -0.152130  -0.709801 1.748457 -0.097174
-0.791309 0.866232 -0.310213  -0.839189 0.843123 -0.133711  -0.760643 1.183782 -0.152130
-0.839189 0.843123 -0.133711  -0.760643 1.084400 0.103974  -0.760643 1.183782 -0.152130
-0.739190 0.611598 -0.258267  -0.839189 0.843123 -0.133711  -0.791309 0.866232 -0.310213
-0.739190 0.611598 -0.258267  -0.864062 0.374124 -0.001104  -0.839189 0.843123 -0.133711
-0.864062 0.374124 -0.001104  -0.602597 0.806118 0.076131  -0.839189 0.843123 -0.133711
-0.839189 0.843123 -0.133711  -0.602597 0.806118 0.076131  -0.760643 1.084400 0.103974
-0.602597 0.806118 0.076131  -0.602597 1.018556 0.160228  -0.760643 1.084400 0.103974
-0.570021 2.722422 0.923997  -0.850324 1.863383 0.794930  -0.711367 1.982518 0.936962
-0.711367 1.982518 0.936962  -0.850324 1.863383 0.794930  -0.662302 1.859620 0.925343
-0.662302 1.859620 0.925343  -0.850324 1.863383 0.794930  -0.701732 1.595539 0.794908
-0.850324 1.863383 0.794930  -0.874643 1.632252 0.596673  -0.701732 1.595539 0.794908
-0.701732 1.595539 0.794908  -0.874643 1.632252 0.596673  -0.760643 1.084400 0.103974
-0.874643 1.632252 0.596673  -1.016184 1.666655 0.381801  -0.760643 1.084400 0.103974
-0.760643 1.084400 0.103974  -1.016184 1.666655 0.381801  -0.760643 1.183782 -0.152130
-1.016184 1.666655 0.381801  -0.942429 1.804777 0.101682  -0.760643 1.183782 -0.152130
-0.760643 1.183782 -0.152130  -0.942429 1.804777 0.101682  -0.709801 1.748457 -0.097174
-0.942429 1.804777 0.101682  -0.865761 1.925973 0.268971  -0.709801 1.748457 -0.097174
-0.709801 1.748457 -0.097174  -0.865761 1.925973 0.268971  -0.654977 1.929667 0.204655
-0.865761 1.925973 0.268971  -0.723623 2.508877 -0.323468  -0.654977 1.929667 0.204655
-0.654977 1.929667 0.204655  -0.723623 2.508877 -0.323468  -0.528015 2.232893 -0.189644
-0.865761 1.925973 0.268971  -0.942429 1.804777 0.101682  -0.941181 1.870799 0.452425
-0.942429 1.804777 0.101682  -1.016184 1.666655 0.381801  -0.941181 1.870799 0.452425
-0.941181 1.870799 0.452425  -1.016184 1.666655 0.381801  -0.850324 1.863383 0.794930
-1.016184 1.666655 0.381801  -0.874643 1.632252 0.596673  -0.850324 1.863383 0.794930
-0.760643 1.084400 0.103974  -0.602597 1.018556 0.160228  -0.701732 1.595539 0.794908
-0.850324 1.863383 0.794930  -0.795975 2.585301 0.740311  -0.941181 1.870799 0.452425
-0.795975 2.585301 0.740311  -0.952172 2.620369 0.284883  -0.941181 1.870799 0.452425
-0.941181 1.870799 0.452425  -0.952172 2.620369 0.284883  -0.865761 1.925973 0.268971
-0.952172 2.620369 0.284883  -0.723623 2.508877 -0.323468  -0.865761 1.925973 0.268971
-0.850324 1.863383 0.794930  -0.570021 2.722422 0.923997  -0.795975 2.585301 0.740311
-0.570021 2.722422 0.923997  -0.698259 3.404552 0.769030  -0.795975 2.585301 0.740311
-0.698259 3.404552 0.769030  -0.783814 3.433906 0.181446  -0.795975 2.585301 0.740311
-0.795975 2.585301 0.740311  -0.783814 3.433906 0.181446  -0.952172 2.620369 0.284883
-0.952172 2.620369 0.284883  -0.764018 2.961567 -0.414210  -0.723623 2.508877 -0.323468
-0.764018 2.961567 -0.414210  -0.615869 3.123394 -0.740836  -0.723623 2.508877 -0.323468
-0.615869 3.123394 -0.740836  -0.494432 2.558472 -0.504968  -0.723623 2.508877 -0.323468
-0.723623 2.508877 -0.323468  -0.494432 2.558472 -0.504968  -0.528015 2.232893 -0.189644
-0.615869 3.123394 -0.740836  -0.764018 2.961567 -0.414210  -0.555429 3.662916 -0.378899
-0.555429 3.662916 -0.378899  -0.764018 2.961567 -0.414210  -0.783814 3.433906 0.181446
-0.764018 2.961567 -0.414210  -0.952172 2.620369 0.284883  -0.783814 3.433906 0.181446
-0.570021 2.722422 0.923997  -0.580218 3.399009 0.956476  -0.698259 3.404552 0.769030
-0.580218 3.399009 0.956476  -0.543195 3.825629 0.764150  -0.698259 3.404552 0.769030
-0.698259 3.404552 0.769030  -0.543195 3.825629 0.764150  -0.783814 3.433906 0.181446
-0.543195 3.825629 0.764150  -0.603392 3.845779 0.141517  -0.783814 3.433906 0.181446
-0.783814 3.433906 0.181446  -0.603392 3.845779 0.141517  -0.555429 3.662916 -0.378899
-0.555429 3.662916 -0.378899  -0.603392 3.845779 0.141517  -0.393368 4.039832 0.154633
-0.603392 3.845779 0.141517  -0.543195 3.825629 0.764150  -0.393368 4.039832 0.154633
0.819730 0.016138 0.809839  0.754809 0.015544 0.723088  0.849623 0.014823 0.690886
0.754809 0.015544 0.723088  0.640627 -0.001765 0.397970  0.849623 0.014823 0.690886
0.849623 0.014823 0.690886  0.640627 -0.001765 0.397970  0.866999 0.025491 0.330680
0.640627 -0.001765 0.397970  0.943946 0.013981 -0.006297  0.866999 0.025491 0.330680
0.866999 0.025491 0.330680  0.943946 0.013981 -0.006297  1.105876 -0.000741 0.450171
0.943946 0.013981 -0.006297  1.164312 -0.004929 0.372863  1.105876 -0.000741 0.450171
1.105876 -0.000741 0.450171  1.164312 -0.004929 0.372863  1.195882 0.003273 0.490548
0.943946 0.013981 -0.006297  0.640627 -0.001765 0.397970  0.730419 0.054164 -0.134109
0.730419 0.054164 -0.134109  0.640627 -0.001765 0.397970  0.480453 0.040148 -0.059051
0.480453 0.040148 -0.059051  0.640627 -0.001765 0.397970  0.401594 -0.001764 0.135636
0.401594 -0.001764 0.135636  0.640627 -0.001765 0.397970  0.359136 0.000985 0.534765
0.640627 -0.001765 0.397970  0.474936 0.000086 0.639299  0.359136 0.000985 0.534765
0.359136 0.000985 0.534765  0.474936 0.000086 0.639299  0.357667 0.015522 0.736752
0.244525 4.159260 4.198046  0.015704 4.275901 3.926476  0.014541 4.298631 4.241848
0.014541 4.298631 4.241848  0.015704 4.275901 3.926476  0.000000 4.543643 3.991044
0.015704 4.275901 3.926476  0.000000 4.466793 3.526856  0.000000 4.543643 3.991044
0.321490 3.715609 3.133015  0.226697 3.806519 2.758542  0.015704 3.952302 3.138869
0.226697 3.806519 2.758542  0.018964 3.887397 2.759587  0.015704 3.952302 3.138869
0.018964 3.887397 2.759587  0.000000 4.285005 3.141418  0.015704 3.952302 3.138869
0.000000 4.285005 3.141418  0.000000 4.466793 3.526856  0.015704 3.952302 3.138869
0.015704 3.952302 3.138869  0.000000 4.466793 3.526856  0.015704 4.083066 3.512450
0.000000 4.466793 3.526856  0.015704 4.275901 3.926476  0.015704 4.083066 3.512450
0.015704 4.083066 3.512450  0.015704 4.275901 3.926476  0.238057 4.101230 3.914446
0.015704 4.275901 3.926476  0.244525 4.159260 4.198046  0.238057 4.101230 3.914446
0.244525 4.159260 4.198046  0.323628 3.923071 4.197940  0.238057 4.101230 3.914446
0.323628 3.923071 4.197940  0.308722 3.575248 3.947176  0.238057 4.101230 3.914446
0.238057 4.101230 3.914446  0.308722 3.575248 3.947176  0.279097 3.861948 3.548253
0.308722 3.575248 3.947176  0.337678 3.487948 3.538072  0.279097 3.861948 3.548253
0.279097 3.861948 3.548253  0.337678 3.487948 3.538072  0.321490 3.715609 3.133015
0.321490 3.715609 3.133015  0.337678 3.487948 3.538072  0.467976 3.268815 3.149921
0.337678 3.487948 3.538072  0.281619 3.152014 3.636092  0.467976 3.268815 3.149921
0.467976 3.268815 3.149921  0.281619 3.152014 3.636092  0.327792 2.970035 3.321473
0.281619 3.152014 3.636092  0.000000 2.889960 3.594602  0.327792 2.970035 3.321473
0.327792 2.970035 3.321473  0.000000 2.889960 3.594602  0.000000 2.764603 3.213402
0.321490 3.715609 3.133015  0.015704 3.952302 3.138869  0.279097 3.861948 3.548253
0.015704 3.952302 3.138869  0.015704 4.083066 3.512450  0.279097 3.861948 3.548253
0.279097 3.861948 3.548253  0.015704 4.083066 3.512450  0.238057 4.101230 3.914446
0.551620 2.958981 2.983824  0.467976 3.268815 3.149921  0.327792 2.970035 3.321473
0.308722 3.575248 3.947176  0.257068 3.331285 3.922265  0.337678 3.487948 3.538072
0.337678 3.487948 3.538072  0.257068 3.331285 3.922265  0.281619 3.152014 3.636092
0.257068 3.331285 3.922265  0.000000 2.937725 3.916389  0.281619 3.152014 3.636092
0.281619 3.152014 3.636092  0.000000 2.937725 3.916389  0.000000 2.889960 3.594602
0.018964 3.887397 2.759587  0.226697 3.806519 2.758542  0.041069 4.034300 2.174895
0.041069 4.034300 2.174895  0.226697 3.806519 2.758542  0.304413 3.898478 2.148024
0.226697 3.806519 2.758542  0.509970 3.584841 2.727939  0.304413 3.898478 2.148024
0.304413 3.898478 2.148024  0.509970 3.584841 2.727939  0.544501 3.692924 2.134830
0.509970 3.584841 2.727939  0.614638 3.267341 2.727961  0.544501 3.692924 2.134830
0.000000 4.285005 3.141418  0.018964 3.887397 2.759587  0.000000 4.209386 2.814162
0.000000 4.209386 2.814162  0.018964 3.887397 2.759587  0.000000 4.383336 2.582678
0.018964 3.887397 2.759587  0.041069 4.034300 2.174895  0.000000 4.383336 2.582678
0.000000 4.383336 2.582678  0.041069 4.034300 2.174895  0.000000 4.552841 2.201300
0.000000 4.552841 2.201300  0.041069 4.034300 2.174895  0.000000 4.610290 1.553491
0.000000 4.610290 1.553491  0.041069 4.034300 2.174895  0.047815 4.116475 1.538211
0.047815 4.116475 1.538211  0.041069 4.034300 2.174895  0.365220 3.969888 1.545833
0.041069 4.034300 2.174895  0.304413 3.898478 2.148024  0.365220 3.969888 1.545833
0.365220 3.969888 1.545833  0.304413 3.898478 2.148024  0.566654 3.789840 1.497648
0.304413 3.898478 2.148024  0.544501 3.692924 2.134830  0.566654 3.789840 1.497648
0.566654 3.789840 1.497648  0.544501 3.692924 2.134830  0.668433 3.053826 2.079720
0.544501 3.692924 2.134830  0.614638 3.267341 2.727961  0.668433 3.053826 2.079720
0.668433 3.053826 2.079720  0.614638 3.267341 2.727961  0.479199 2.794302 2.523503
0.479199 2.794302 2.523503  0.614638 3.267341 2.727961  0.551620 2.958981 2.983824
0.551620 2.958981 2.983824  0.614638 3.267341 2.727961  0.467976 3.268815 3.149921
0.614638 3.267341 2.727961  0.509970 3.584841 2.727939  0.467976 3.268815 3.149921
0.467976 3.268815 3.149921  0.509970 3.584841 2.727939  0.321490 3.715609 3.133015
0.509970 3.584841 2.727939  0.226697 3.806519 2.758542  0.321490 3.715609 3.133015
0.553509 3.038651 1.344270  0.566654 3.789840 1.497648  0.668433 3.053826 2.079720
0.668433 3.053826 2.079720  0.479199 2.794302 2.523503  0.435523 2.459300 1.981275
0.343477 2.577179 2.617767  0.435523 2.459300 1.981275  0.479199 2.794302 2.523503
0.551620 2.958981 2.983824  0.530171 2.744023 2.890088  0.479199 2.794302 2.523503
0.530171 2.744023 2.890088  0.501379 2.585226 2.800735  0.479199 2.794302 2.523503
0.479199 2.794302 2.523503  0.501379 2.585226 2.800735  0.343477 2.577179 2.617767
0.501379 2.585226 2.800735  0.357009 2.510935 2.758299  0.343477 2.577179 2.617767
0.357009 2.510935 2.758299  0.000000 2.322103 2.778650  0.343477 2.577179 2.617767
0.000000 2.322103 2.778650  0.000000 2.203467 2.406779  0.343477 2.577179 2.617767
0.343477 2.577179 2.617767  0.000000 2.203467 2.406779  0.435523 2.459300 1.981275
0.000000 2.203467 2.406779  0.000000 2.169891 1.936354  0.435523 2.459300 1.981275
0.000000 2.169891 1.936354  0.331682 2.461443 1.467688  0.435523 2.459300 1.981275
0.435523 2.459300 1.981275  0.331682 2.461443 1.467688  0.505709 2.774999 1.316253
0.331682 2.461443 1.467688  0.361119 2.570097 1.137234  0.505709 2.774999 1.316253
0.361119 2.570097 1.137234  0.453923 2.656413 0.894807  0.505709 2.774999 1.316253
0.505709 2.774999 1.316253  0.453923 2.656413 0.894807  0.580218 3.399009 0.956476
0.000000 2.169891 1.936354  0.000000 2.247163 1.542428  0.331682 2.461443 1.467688
0.331682 2.461443 1.467688  0.000000 2.247163 1.542428  0.132470 2.482919 1.020090
0.000000 2.247163 1.542428  0.000000 2.388449 0.983500  0.132470 2.482919 1.020090
0.361119 2.570097 1.137234  0.342173 2.419267 0.559293  0.453923 2.656413 0.894807
0.000000 4.677161 0.653697  0.000000 4.610290 1.553491  0.061157 4.157734 0.826741
0.000000 4.610290 1.553491  0.047815 4.116475 1.538211  0.061157 4.157734 0.826741
0.047815 4.116475 1.538211  0.365220 3.969888 1.545833  0.061157 4.157734 0.826741
0.061157 4.157734 0.826741  0.365220 3.969888 1.545833  0.344632 4.057325 0.792992
0.365220 3.969888 1.545833  0.566654 3.789840 1.497648  0.344632 4.057325 0.792992
0.344632 4.057325 0.792992  0.566654 3.789840 1.497648  0.543195 3.825629 0.764150
0.543195 3.825629 0.764150  0.566654 3.789840 1.497648  0.580218 3.399009 0.956476
0.566654 3.789840 1.497648  0.553509 3.038651 1.344270  0.580218 3.399009 0.956476
0.580218 3.399009 0.956476  0.553509 3.038651 1.344270  0.505709 2.774999 1.316253
0.553509 3.038651 1.344270  0.668433 3.053826 2.079720  0.505709 2.774999 1.316253
0.505709 2.774999 1.316253  0.668433 3.053826 2.079720  0.435523 2.459300 1.981275
0.450984 3.590945 -1.122531  0.615869 3.123394 -0.740836  0.452474 2.925448 -1.180218
0.452474 2.925448 -1.180218  0.615869 3.123394 -0.740836  0.177119 2.399955 -0.229983
0.615869 3.123394 -0.740836  0.319970 2.299765 -0.028522  0.177119 2.399955 -0.229983
0.319970 2.299765 -0.028522  0.275826 2.263835 0.260830  0.177119 2.399955 -0.229983
0.275826 2.263835 0.260830  0.160832 2.223955 0.225938  0.177119 2.399955 -0.229983
0.177119 2.399955 -0.229983  0.160832 2.223955 0.225938  0.000000 2.073183 0.388321
0.160832 2.223955 0.225938  0.176281 2.380643 0.438240  0.000000 2.073183 0.388321
0.000000 2.073183 0.388321  0.176281 2.380643 0.438240  0.000000 2.234977 0.731159
0.000000 2.234977 0.731159  0.176281 2.380643 0.438240  0.132470 2.482919 1.020090
0.176281 2.380643 0.438240  0.342173 2.419267 0.559293  0.132470 2.482919 1.020090
0.342173 2.419267 0.559293  0.361119 2.570097 1.137234  0.132470 2.482919 1.020090
0.132470 2.482919 1.020090  0.361119 2.570097 1.137234  0.331682 2.461443 1.467688
0.000000 2.234977 0.731159  0.132470 2.482919 1.020090  0.000000 2.388449 0.983500
0.452474 2.925448 -1.180218  0.177119 2.399955 -0.229983  0.000000 2.529092 -1.102676
0.000000 2.529092 -1.102676  0.177119 2.399955 -0.229983  0.000000 2.205015 -0.520961
0.000000 2.205015 -0.520961  0.177119 2.399955 -0.229983  0.000000 2.012640 -0.142750
0.177119 2.399955 -0.229983  0.000000 2.073183 0.388321  0.000000 2.012640 -0.142750
0.453923 2.656413 0.894807  0.342173 2.419267 0.559293  0.275826 2.263835 0.260830
0.275826 2.263835 0.260830  0.342173 2.419267 0.559293  0.160832 2.223955 0.225938
0.342173 2.419267 0.559293  0.176281 2.380643 0.438240  0.160832 2.223955 0.225938
-0.505709 2.774999 1.316253  -0.453923 2.656413 0.894807  -0.361119 2.570097 1.137234
0.000000 4.285005 3.141418  -0.015704 3.952302 3.138869  0.000000 4.466793 3.526856
0.000000 4.466793 3.526856  -0.015704 3.952302 3.138869  -0.015704 4.083066 3.512450
-0.015704 3.952302 3.138869  -0.279097 3.861948 3.548253  -0.015704 4.083066 3.512450
-0.015704 4.083066 3.512450  -0.279097 3.861948 3.548253  -0.238057 4.101230 3.914446
-0.279097 3.861948 3.548253  -0.308722 3.575248 3.947176  -0.238057 4.101230 3.914446
-0.308722 3.575248 3.947176  -0.323628 3.923071 4.197940  -0.238057 4.101230 3.914446
-0.323628 3.923071 4.197940  -0.244525 4.159260 4.198046  -0.238057 4.101230 3.914446
-0.238057 4.101230 3.914446  -0.244525 4.159260 4.198046  -0.015704 4.275901 3.926476
-0.244525 4.159260 4.198046  -0.014541 4.298631 4.241848  -0.015704 4.275901 3.926476
-0.014541 4.298631 4.241848  0.000000 4.543643 3.991044  -0.015704 4.275901 3.926476
0.000000 4.543643 3.991044  0.000000 4.466793 3.526856  -0.015704 4.275901 3.926476
0.000000 4.466793 3.526856  -0.015704 4.083066 3.512450  -0.015704 4.275901 3.926476
-0.015704 4.275901 3.926476  -0.015704 4.083066 3.512450  -0.238057 4.101230 3.914446
-0.015704 3.952302 3.138869  -0.321490 3.715609 3.133015  -0.279097 3.861948 3.548253
-0.321490 3.715609 3.133015  -0.337678 3.487948 3.538072  -0.279097 3.861948 3.548253
-0.279097 3.861948 3.548253  -0.337678 3.487948 3.538072  -0.308722 3.575248 3.947176
-0.308722 3.575248 3.947176  -0.337678 3.487948 3.538072  -0.257068 3.331285 3.922265
-0.337678 3.487948 3.538072  -0.281619 3.152014 3.636092  -0.257068 3.331285 3.922265
-0.257068 3.331285 3.922265  -0.281619 3.152014 3.636092  0.000000 2.937725 3.916389
0.000000 2.937725 3.916389  -0.281619 3.152014 3.636092  0.000000 2.889960 3.594602
-0.281619 3.152014 3.636092  -0.327792 2.970035 3.321473  0.000000 2.889960 3.594602
0.000000 2.889960 3.594602  -0.327792 2.970035 3.321473  0.000000 2.764603 3.213402
-0.551620 2.958981 2.983824  -0.327792 2.970035 3.321473  -0.467976 3.268815 3.149921
-0.327792 2.970035 3.321473  -0.281619 3.152014 3.636092  -0.467976 3.268815 3.149921
-0.281619 3.152014 3.636092  -0.337678 3.487948 3.538072  -0.467976 3.268815 3.149921
-0.337678 3.487948 3.538072  -0.321490 3.715609 3.133015  -0.467976 3.268815 3.149921
-0.566654 3.789840 1.497648  -0.668433 3.053826 2.079720  -0.544501 3.692924 2.134830
-0.544501 3.692924 2.134830  -0.668433 3.053826 2.079720  -0.614638 3.267341 2.727961
-0.668433 3.053826 2.079720  -0.479199 2.794302 2.523503  -0.614638 3.267341 2.727961
-0.479199 2.794302 2.523503  -0.551620 2.958981 2.983824  -0.614638 3.267341 2.727961
-0.551620 2.958981 2.983824  -0.467976 3.268815 3.149921  -0.614638 3.267341 2.727961
-0.614638 3.267341 2.727961  -0.467976 3.268815 3.149921  -0.509970 3.584841 2.727939
-0.467976 3.268815 3.149921  -0.321490 3.715609 3.133015  -0.509970 3.584841 2.727939
-0.509970 3.584841 2.727939  -0.321490 3.715609 3.133015  -0.226697 3.806519 2.758542
-0.321490 3.715609 3.133015  -0.015704 3.952302 3.138869  -0.226697 3.806519 2.758542
-0.226697 3.806519 2.758542  -0.015704 3.952302 3.138869  -0.018964 3.887397 2.759587
-0.015704 3.952302 3.138869  0.000000 4.285005 3.141418  -0.018964 3.887397 2.759587
0.000000 4.285005 3.141418  0.000000 4.209386 2.814162  -0.018964 3.887397 2.759587
0.000000 4.209386 2.814162  0.000000 4.383336 2.582678  -0.018964 3.887397 2.759587
-0.018964 3.887397 2.759587  0.000000 4.383336 2.582678  -0.041069 4.034300 2.174895
0.000000 4.383336 2.582678  0.000000 4.552841 2.201300  -0.041069 4.034300 2.174895
0.000000 4.552841 2.201300  0.000000 4.610290 1.553491  -0.041069 4.034300 2.174895
0.000000 4.610290 1.553491  -0.047815 4.116475 1.538211  -0.041069 4.034300 2.174895
-0.047815 4.116475 1.538211  -0.365220 3.969888 1.545833  -0.041069 4.034300 2.174895
-0.509970 3.584841 2.727939  -0.226697 3.806519 2.758542  -0.304413 3.898478 2.148024
-0.304413 3.898478 2.148024  -0.226697 3.806519 2.758542  -0.041069 4.034300 2.174895
-0.226697 3.806519 2.758542  -0.018964 3.887397 2.759587  -0.041069 4.034300 2.174895
-0.041069 4.034300 2.174895  -0.365220 3.969888 1.545833  -0.304413 3.898478 2.148024
-0.365220 3.969888 1.545833  -0.566654 3.789840 1.497648  -0.304413 3.898478 2.148024
-0.566654 3.789840 1.497648  -0.544501 3.692924 2.134830  -0.304413 3.898478 2.148024
-0.304413 3.898478 2.148024  -0.544501 3.692924 2.134830  -0.509970 3.584841 2.727939
-0.544501 3.692924 2.134830  -0.614638 3.267341 2.727961  -0.509970 3.584841 2.727939
-0.566654 3.789840 1.497648  -0.553509 3.038651 1.344270  -0.668433 3.053826 2.079720
-0.553509 3.038651 1.344270  -0.505709 2.774999 1.316253  -0.668433 3.053826 2.079720
-0.505709 2.774999 1.316253  -0.435523 2.459300 1.981275  -0.668433 3.053826 2.079720
0.444550 1.185610 -0.140650  0.709801 1.748457 -0.097174  0.602597 1.191194 -0.274422
0.479204 1.652834 0.606783  0.528053 1.865515 0.790246  0.343990 1.717040 0.348776
0.528053 1.865515 0.790246  0.491392 1.934236 0.267429  0.343990 1.717040 0.348776
0.343990 1.717040 0.348776  0.491392 1.934236 0.267429  0.438231 1.805454 0.103033
0.438231 1.805454 0.103033  0.491392 1.934236 0.267429  0.709801 1.748457 -0.097174
0.491392 1.934236 0.267429  0.654977 1.929667 0.204655  0.709801 1.748457 -0.097174
0.709801 1.748457 -0.097174  0.444550 1.185610 -0.140650  0.438231 1.805454 0.103033
0.438231 1.805454 0.103033  0.444550 1.185610 -0.140650  0.343990 1.717040 0.348776
0.444550 1.185610 -0.140650  0.444550 1.101574 0.148117  0.343990 1.717040 0.348776
0.343990 1.717040 0.348776  0.444550 1.101574 0.148117  0.479204 1.652834 0.606783
0.444550 1.101574 0.148117  0.701732 1.595539 0.794908  0.479204 1.652834 0.606783
0.479204 1.652834 0.606783  0.701732 1.595539 0.794908  0.528053 1.865515 0.790246
0.701732 1.595539 0.794908  0.662302 1.859620 0.925343  0.528053 1.865515 0.790246
0.662302 1.859620 0.925343  0.711367 1.982518 0.936962  0.528053 1.865515 0.790246
0.711367 1.982518 0.936962  0.570021 2.722422 0.923997  0.528053 1.865515 0.790246
0.570021 2.722422 0.923997  0.514825 2.606494 0.886809  0.528053 1.865515 0.790246
0.514825 2.606494 0.886809  0.275826 2.263835 0.260830  0.528053 1.865515 0.790246
0.528053 1.865515 0.790246  0.275826 2.263835 0.260830  0.491392 1.934236 0.267429
0.275826 2.263835 0.260830  0.319970 2.299765 -0.028522  0.491392 1.934236 0.267429
0.491392 1.934236 0.267429  0.319970 2.299765 -0.028522  0.654977 1.929667 0.204655
0.319970 2.299765 -0.028522  0.528015 2.232893 -0.189644  0.654977 1.929667 0.204655
0.602597 1.018556 0.160228  0.701732 1.595539 0.794908  0.444550 1.101574 0.148117
0.275826 2.263835 0.260830  0.514825 2.606494 0.886809  0.453923 2.656413 0.894807
0.453923 2.656413 0.894807  0.514825 2.606494 0.886809  0.580218 3.399009 0.956476
0.514825 2.606494 0.886809  0.570021 2.722422 0.923997  0.580218 3.399009 0.956476
-0.551620 2.958981 2.983824  -0.479199 2.794302 2.523503  -0.530171 2.744023 2.890088
-0.530171 2.744023 2.890088  -0.479199 2.794302 2.523503  -0.501379 2.585226 2.800735
-0.479199 2.794302 2.523503  -0.343477 2.577179 2.617767  -0.501379 2.585226 2.800735
-0.501379 2.585226 2.800735  -0.343477 2.577179 2.617767  -0.357009 2.510935 2.758299
-0.357009 2.510935 2.758299  -0.343477 2.577179 2.617767  0.000000 2.322103 2.778650
0.000000 2.322103 2.778650  -0.343477 2.577179 2.617767  0.000000 2.203467 2.406779
-0.343477 2.577179 2.617767  -0.435523 2.459300 1.981275  0.000000 2.203467 2.406779
0.000000 2.203467 2.406779  -0.435523 2.459300 1.981275  0.000000 2.169891 1.936354
-0.479199 2.794302 2.523503  -0.435523 2.459300 1.981275  -0.343477 2.577179 2.617767
-0.435523 2.459300 1.981275  -0.479199 2.794302 2.523503  -0.668433 3.053826 2.079720
-0.357009 2.510935 2.758299  0.000000 2.322103 2.778650  -0.286690 2.525994 3.034926
0.000000 2.322103 2.778650  0.000000 2.605013 3.083155  -0.286690 2.525994 3.034926
-0.286690 2.525994 3.034926  0.000000 2.605013 3.083155  -0.419665 2.760094 3.141755
0.000000 2.605013 3.083155  0.000000 2.764603 3.213402  -0.419665 2.760094 3.141755
0.000000 2.764603 3.213402  -0.327792 2.970035 3.321473  -0.419665 2.760094 3.141755
-0.419665 2.760094 3.141755  -0.327792 2.970035 3.321473  -0.551620 2.958981 2.983824
0.286690 2.525994 3.034926  0.357009 2.510935 2.758299  0.440372 2.232216 2.816769
0.446699 2.486973 3.095171  0.286690 2.525994 3.034926  0.476556 2.380493 3.029445
0.286690 2.525994 3.034926  0.440372 2.232216 2.816769  0.476556 2.380493 3.029445
0.476556 2.380493 3.029445  0.440372 2.232216 2.816769  0.529544 2.235400 2.874348
0.440372 2.232216 2.816769  0.399897 2.131673 2.890904  0.529544 2.235400 2.874348
0.529544 2.235400 2.874348  0.399897 2.131673 2.890904  0.520822 2.189894 2.936894
0.399897 2.131673 2.890904  0.502739 1.899915 3.104480  0.520822 2.189894 2.936894
0.374972 1.634052 3.502214  0.354432 1.725651 3.402576  0.436368 1.690448 3.402435
0.436368 1.690448 3.402435  0.354432 1.725651 3.402576  0.451964 1.700573 3.212094
0.354432 1.725651 3.402576  0.395232 1.809819 3.174593  0.451964 1.700573 3.212094
0.451964 1.700573 3.212094  0.395232 1.809819 3.174593  0.437249 1.832909 3.052644
0.395232 1.809819 3.174593  0.502739 1.899915 3.104480  0.437249 1.832909 3.052644
0.502739 1.899915 3.104480  0.399897 2.131673 2.890904  0.437249 1.832909 3.052644
0.437249 1.832909 3.052644  0.399897 2.131673 2.890904  0.481748 1.986647 2.728955
0.481748 1.986647 2.728955  0.399897 2.131673 2.890904  0.500800 2.153677 2.597499
0.399897 2.131673 2.890904  0.440372 2.232216 2.816769  0.500800 2.153677 2.597499
0.500800 2.153677 2.597499  0.440372 2.232216 2.816769  0.532484 2.306337 2.665318
0.440372 2.232216 2.816769  0.357009 2.510935 2.758299  0.532484 2.306337 2.665318
0.480659 1.512959 3.436162  0.461007 1.616956 3.381329  0.541319 1.580647 3.354210
0.461007 1.616956 3.381329  0.451964 1.700573 3.212094  0.541319 1.580647 3.354210
0.541319 1.580647 3.354210  0.451964 1.700573 3.212094  0.540018 1.659233 3.194976
0.451964 1.700573 3.212094  0.437249 1.832909 3.052644  0.540018 1.659233 3.194976
0.437249 1.832909 3.052644  0.573704 1.632277 3.131133  0.540018 1.659233 3.194976
0.540018 1.659233 3.194976  0.573704 1.632277 3.131133  0.517853 1.475089 3.172520
0.573704 1.632277 3.131133  0.589370 1.472087 3.179191  0.517853 1.475089 3.172520
0.517853 1.475089 3.172520  0.589370 1.472087 3.179191  0.521503 1.379309 3.188190
-0.615869 3.123394 -0.740836  -0.555429 3.662916 -0.378899  -0.450984 3.590945 -1.122531
-0.450984 3.590945 -1.122531  -0.555429 3.662916 -0.378899  -0.322658 4.011293 -0.282718
-0.555429 3.662916 -0.378899  -0.393368 4.039832 0.154633  -0.322658 4.011293 -0.282718
-0.322658 4.011293 -0.282718  -0.393368 4.039832 0.154633  -0.048031 4.105048 -0.300888
-0.393368 4.039832 0.154633  -0.052204 4.149893 0.209288  -0.048031 4.105048 -0.300888
-0.393368 4.039832 0.154633  -0.061157 4.157734 0.826741  -0.052204 4.149893 0.209288
-0.061157 4.157734 0.826741  0.000000 4.677161 0.653697  -0.052204 4.149893 0.209288
0.000000 4.677161 0.653697  0.000000 4.618236 -0.165242  -0.052204 4.149893 0.209288
-0.052204 4.149893 0.209288  0.000000 4.618236 -0.165242  -0.048031 4.105048 -0.300888
0.000000 4.618236 -0.165242  -0.052047 4.025061 -1.030873  -0.048031 4.105048 -0.300888
-0.048031 4.105048 -0.300888  -0.052047 4.025061 -1.030873  -0.322658 4.011293 -0.282718
-0.052047 4.025061 -1.030873  -0.292450 3.849799 -1.066430  -0.322658 4.011293 -0.282718
-0.322658 4.011293 -0.282718  -0.292450 3.849799 -1.066430  -0.450984 3.590945 -1.122531
0.000000 4.618236 -0.165242  0.000000 4.420682 -1.049287  -0.052047 4.025061 -1.030873
-0.453923 2.656413 0.894807  -0.505709 2.774999 1.316253  -0.580218 3.399009 0.956476
-0.505709 2.774999 1.316253  -0.553509 3.038651 1.344270  -0.580218 3.399009 0.956476
-0.553509 3.038651 1.344270  -0.566654 3.789840 1.497648  -0.580218 3.399009 0.956476
-0.580218 3.399009 0.956476  -0.566654 3.789840 1.497648  -0.543195 3.825629 0.764150
-0.566654 3.789840 1.497648  -0.344632 4.057325 0.792992  -0.543195 3.825629 0.764150
-0.543195 3.825629 0.764150  -0.344632 4.057325 0.792992  -0.393368 4.039832 0.154633
-0.393368 4.039832 0.154633  -0.344632 4.057325 0.792992  -0.061157 4.157734 0.826741
-0.344632 4.057325 0.792992  -0.365220 3.969888 1.545833  -0.061157 4.157734 0.826741
-0.365220 3.969888 1.545833  -0.047815 4.116475 1.538211  -0.061157 4.157734 0.826741
-0.047815 4.116475 1.538211  0.000000 4.610290 1.553491  -0.061157 4.157734 0.826741
-0.061157 4.157734 0.826741  0.000000 4.610290 1.553491  0.000000 4.677161 0.653697
-0.566654 3.789840 1.497648  -0.365220 3.969888 1.545833  -0.344632 4.057325 0.792992
-0.176281 2.380643 0.438240  -0.342173 2.419267 0.559293  -0.160832 2.223955 0.225938
-0.160832 2.223955 0.225938  -0.342173 2.419267 0.559293  -0.275826 2.263835 0.260830
-0.275826 2.263835 0.260830  -0.342173 2.419267 0.559293  -0.453923 2.656413 0.894807
-0.453923 2.656413 0.894807  -0.342173 2.419267 0.559293  -0.361119 2.570097 1.137234
-0.361119 2.570097 1.137234  -0.342173 2.419267 0.559293  -0.132470 2.482919 1.020090
-0.342173 2.419267 0.559293  -0.176281 2.380643 0.438240  -0.132470 2.482919 1.020090
-0.450984 3.590945 -1.122531  -0.452474 2.925448 -1.180218  -0.615869 3.123394 -0.740836
-0.452474 2.925448 -1.180218  -0.177119 2.399955 -0.229983  -0.615869 3.123394 -0.740836
-0.615869 3.123394 -0.740836  -0.177119 2.399955 -0.229983  -0.319970 2.299765 -0.028522
-0.319970 2.299765 -0.028522  -0.177119 2.399955 -0.229983  -0.275826 2.263835 0.260830
-0.275826 2.263835 0.260830  -0.177119 2.399955 -0.229983  -0.160832 2.223955 0.225938
-0.177119 2.399955 -0.229983  0.000000 2.073183 0.388321  -0.160832 2.223955 0.225938
-0.160832 2.223955 0.225938  0.000000 2.073183 0.388321  -0.176281 2.380643 0.438240
0.000000 2.073183 0.388321  0.000000 2.234977 0.731159  -0.176281 2.380643 0.438240
-0.176281 2.380643 0.438240  0.000000 2.234977 0.731159  -0.132470 2.482919 1.020090
0.000000 2.234977 0.731159  0.000000 2.388449 0.983500  -0.132470 2.482919 1.020090
-0.452474 2.925448 -1.180218  0.000000 2.529092 -1.102676  -0.177119 2.399955 -0.229983
0.000000 2.529092 -1.102676  0.000000 2.205015 -0.520961  -0.177119 2.399955 -0.229983
0.000000 2.205015 -0.520961  0.000000 2.012640 -0.142750  -0.177119 2.399955 -0.229983
-0.177119 2.399955 -0.229983  0.000000 2.012640 -0.142750  0.000000 2.073183 0.388321
0.000000 2.388449 0.983500  0.000000 2.247163 1.542428  -0.132470 2.482919 1.020090
0.000000 2.247163 1.542428  -0.331682 2.461443 1.467688  -0.132470 2.482919 1.020090
-0.132470 2.482919 1.020090  -0.331682 2.461443 1.467688  -0.361119 2.570097 1.137234
-0.361119 2.570097 1.137234  -0.331682 2.461443 1.467688  -0.505709 2.774999 1.316253
-0.505709 2.774999 1.316253  -0.331682 2.461443 1.467688  -0.435523 2.459300 1.981275
-0.435523 2.459300 1.981275  -0.331682 2.461443 1.467688  0.000000 2.169891 1.936354
-0.331682 2.461443 1.467688  0.000000 2.247163 1.542428  0.000000 2.169891 1.936354
0.393368 4.039832 0.154633  0.555429 3.662916 -0.378899  0.322658 4.011293 -0.282718
0.322658 4.011293 -0.282718  0.555429 3.662916 -0.378899  0.450984 3.590945 -1.122531
0.555429 3.662916 -0.378899  0.615869 3.123394 -0.740836  0.450984 3.590945 -1.122531
0.322658 4.011293 -0.282718  0.048031 4.105048 -0.300888  0.393368 4.039832 0.154633
0.048031 4.105048 -0.300888  0.052204 4.149893 0.209288  0.393368 4.039832 0.154633
0.450984 3.590945 -1.122531  0.292450 3.849799 -1.066430  0.322658 4.011293 -0.282718
0.292450 3.849799 -1.066430  0.052047 4.025061 -1.030873  0.322658 4.011293 -0.282718
0.322658 4.011293 -0.282718  0.052047 4.025061 -1.030873  0.048031 4.105048 -0.300888
0.052047 4.025061 -1.030873  0.000000 4.618236 -0.165242  0.048031 4.105048 -0.300888
0.048031 4.105048 -0.300888  0.000000 4.618236 -0.165242  0.052204 4.149893 0.209288
0.000000 4.618236 -0.165242  0.000000 4.677161 0.653697  0.052204 4.149893 0.209288
0.000000 4.677161 0.653697  0.061157 4.157734 0.826741  0.052204 4.149893 0.209288
0.052204 4.149893 0.209288  0.061157 4.157734 0.826741  0.393368 4.039832 0.154633
0.061157 4.157734 0.826741  0.344632 4.057325 0.792992  0.393368 4.039832 0.154633
0.393368 4.039832 0.154633  0.344632 4.057325 0.792992  0.543195 3.825629 0.764150
0.000000 4.618236 -0.165242  0.052047 4.025061 -1.030873  0.000000 4.420682 -1.049287
0.764018 2.961567 -0.414210  0.615869 3.123394 -0.740836  0.555429 3.662916 -0.378899
0.603392 3.845779 0.141517  0.783814 3.433906 0.181446  0.555429 3.662916 -0.378899
0.555429 3.662916 -0.378899  0.783814 3.433906 0.181446  0.764018 2.961567 -0.414210
0.783814 3.433906 0.181446  0.952172 2.620369 0.284883  0.764018 2.961567 -0.414210
0.570021 2.722422 0.923997  0.698259 3.404552 0.769030  0.580218 3.399009 0.956476
0.580218 3.399009 0.956476  0.698259 3.404552 0.769030  0.543195 3.825629 0.764150
0.698259 3.404552 0.769030  0.783814 3.433906 0.181446  0.543195 3.825629 0.764150
0.783814 3.433906 0.181446  0.603392 3.845779 0.141517  0.543195 3.825629 0.764150
0.543195 3.825629 0.764150  0.603392 3.845779 0.141517  0.393368 4.039832 0.154633
0.603392 3.845779 0.141517  0.555429 3.662916 -0.378899  0.393368 4.039832 0.154633
0.952172 2.620369 0.284883  0.723623 2.508877 -0.323468  0.764018 2.961567 -0.414210
0.764018 2.961567 -0.414210  0.723623 2.508877 -0.323468  0.615869 3.123394 -0.740836
0.615869 3.123394 -0.740836  0.723623 2.508877 -0.323468  0.494432 2.558472 -0.504968
0.723623 2.508877 -0.323468  0.528015 2.232893 -0.189644  0.494432 2.558472 -0.504968
1.016184 1.666655 0.381801  0.942429 1.804777 0.101682  0.941181 1.870799 0.452425
0.942429 1.804777 0.101682  0.865761 1.925973 0.268971  0.941181 1.870799 0.452425
0.941181 1.870799 0.452425  0.865761 1.925973 0.268971  0.952172 2.620369 0.284883
0.865761 1.925973 0.268971  0.723623 2.508877 -0.323468  0.952172 2.620369 0.284883
0.952172 2.620369 0.284883  0.795975 2.585301 0.740311  0.941181 1.870799 0.452425
0.795975 2.585301 0.740311  0.850324 1.863383 0.794930  0.941181 1.870799 0.452425
0.941181 1.870799 0.452425  0.850324 1.863383 0.794930  1.016184 1.666655 0.381801
0.850324 1.863383 0.794930  0.874643 1.632252 0.596673  1.016184 1.666655 0.381801
0.528015 2.232893 -0.189644  0.723623 2.508877 -0.323468  0.654977 1.929667 0.204655
0.723623 2.508877 -0.323468  0.865761 1.925973 0.268971  0.654977 1.929667 0.204655
0.654977 1.929667 0.204655  0.865761 1.925973 0.268971  0.709801 1.748457 -0.097174
0.865761 1.925973 0.268971  0.942429 1.804777 0.101682  0.709801 1.748457 -0.097174
0.709801 1.748457 -0.097174  0.942429 1.804777 0.101682  0.760643 1.183782 -0.152130
0.942429 1.804777 0.101682  1.016184 1.666655 0.381801  0.760643 1.183782 -0.152130
0.760643 1.183782 -0.152130  1.016184 1.666655 0.381801  0.760643 1.084400 0.103974
1.016184 1.666655 0.381801  0.874643 1.632252 0.596673  0.760643 1.084400 0.103974
0.760643 1.084400 0.103974  0.874643 1.632252 0.596673  0.701732 1.595539 0.794908
0.874643 1.632252 0.596673  0.850324 1.863383 0.794930  0.701732 1.595539 0.794908
0.701732 1.595539 0.794908  0.850324 1.863383 0.794930  0.662302 1.859620 0.925343
0.662302 1.859620 0.925343  0.850324 1.863383 0.794930  0.711367 1.982518 0.936962
0.711367 1.982518 0.936962  0.850324 1.863383 0.794930  0.570021 2.722422 0.923997
0.850324 1.863383 0.794930  0.795975 2.585301 0.740311  0.570021 2.722422 0.923997
0.570021 2.722422 0.923997  0.795975 2.585301 0.740311  0.698259 3.404552 0.769030
0.698259 3.404552 0.769030  0.795975 2.585301 0.740311  0.783814 3.433906 0.181446
0.795975 2.585301 0.740311  0.952172 2.620369 0.284883  0.783814 3.433906 0.181446
0.760643 1.084400 0.103974  0.701732 1.595539 0.794908  0.602597 1.018556 0.160228
0.602597 1.191194 -0.274422  0.709801 1.748457 -0.097174  0.760643 1.183782 -0.152130
-0.476556 2.380493 3.029445  -0.286690 2.525994 3.034926  -0.446699 2.486973 3.095171
-0.286690 2.525994 3.034926  -0.419665 2.760094 3.141755  -0.446699 2.486973 3.095171
-0.419665 2.760094 3.141755  -0.551620 2.958981 2.983824  -0.530171 2.744023 2.890088
-0.476556 2.380493 3.029445  -0.446699 2.486973 3.095171  -0.551685 2.547923 3.033852
-0.446699 2.486973 3.095171  -0.419665 2.760094 3.141755  -0.551685 2.547923 3.033852
-0.419665 2.760094 3.141755  -0.530171 2.744023 2.890088  -0.551685 2.547923 3.033852
-0.551685 2.547923 3.033852  -0.530171 2.744023 2.890088  -0.581628 2.595439 2.868151
-0.530171 2.744023 2.890088  -0.501379 2.585226 2.800735  -0.581628 2.595439 2.868151
0.000000 3.455979 5.662789  0.091412 3.451135 5.596469  0.000000 3.572224 5.660512
0.000000 3.572224 5.660512  0.091412 3.451135 5.596469  0.094256 3.564738 5.593672
0.094256 3.564738 5.593672  0.091412 3.451135 5.596469  0.151463 3.584266 5.277385
0.091412 3.451135 5.596469  0.145257 3.469005 5.280406  0.151463 3.584266 5.277385
0.151463 3.584266 5.277385  0.145257 3.469005 5.280406  0.178932 3.629278 5.144827
0.145257 3.469005 5.280406  0.172135 3.520385 5.146106  0.178932 3.629278 5.144827
0.178932 3.629278 5.144827  0.172135 3.520385 5.146106  0.187093 3.625306 4.925007
0.172135 3.520385 5.146106  0.177846 3.524127 4.928030  0.187093 3.625306 4.925007
0.419665 2.760094 3.141755  0.530171 2.744023 2.890088  0.551620 2.958981 2.983824
0.501379 2.585226 2.800735  0.530171 2.744023 2.890088  0.581628 2.595439 2.868151
0.581628 2.595439 2.868151  0.530171 2.744023 2.890088  0.551685 2.547923 3.033852
0.530171 2.744023 2.890088  0.419665 2.760094 3.141755  0.551685 2.547923 3.033852
0.551685 2.547923 3.033852  0.419665 2.760094 3.141755  0.446699 2.486973 3.095171
0.357009 2.510935 2.758299  0.286690 2.525994 3.034926  0.000000 2.322103 2.778650
0.000000 2.322103 2.778650  0.286690 2.525994 3.034926  0.000000 2.605013 3.083155
0.286690 2.525994 3.034926  0.419665 2.760094 3.141755  0.000000 2.605013 3.083155
0.000000 2.605013 3.083155  0.419665 2.760094 3.141755  0.000000 2.764603 3.213402
0.000000 2.764603 3.213402  0.419665 2.760094 3.141755  0.327792 2.970035 3.321473
0.419665 2.760094 3.141755  0.551620 2.958981 2.983824  0.327792 2.970035 3.321473
0.446699 2.486973 3.095171  0.419665 2.760094 3.141755  0.286690 2.525994 3.034926
-0.481748 1.986647 2.728955  -0.437249 1.832909 3.052644  -0.562584 1.779947 3.026549
-0.562584 1.779947 3.026549  -0.437249 1.832909 3.052644  -0.573704 1.632277 3.131133
-0.658101 1.651290 3.178769  -0.608341 1.816025 3.072840  -0.573704 1.632277 3.131133
-0.573704 1.632277 3.131133  -0.608341 1.816025 3.072840  -0.562584 1.779947 3.026549
-0.608341 1.816025 3.072840  -0.589763 1.986647 2.750930  -0.562584 1.779947 3.026549
-0.562584 1.779947 3.026549  -0.589763 1.986647 2.750930  -0.481748 1.986647 2.728955
-0.481748 1.986647 2.728955  -0.589763 1.986647 2.750930  -0.500800 2.153677 2.597499
-0.589763 1.986647 2.750930  -0.627450 2.162784 2.619474  -0.500800 2.153677 2.597499
-0.500800 2.153677 2.597499  -0.627450 2.162784 2.619474  -0.532484 2.306337 2.665318
-0.627450 2.162784 2.619474  -0.686792 2.206746 2.725843  -0.532484 2.306337 2.665318
-0.532484 2.306337 2.665318  -0.686792 2.206746 2.725843  -0.535266 2.492124 2.704038
-0.686792 2.206746 2.725843  -0.581628 2.595439 2.868151  -0.535266 2.492124 2.704038
-0.581628 2.595439 2.868151  -0.501379 2.585226 2.800735  -0.535266 2.492124 2.704038
-0.501379 2.585226 2.800735  -0.357009 2.510935 2.758299  -0.535266 2.492124 2.704038
-0.535266 2.492124 2.704038  -0.357009 2.510935 2.758299  -0.532484 2.306337 2.665318
-0.621641 2.225091 2.860227  -0.551685 2.547923 3.033852  -0.686792 2.206746 2.725843
-0.551685 2.547923 3.033852  -0.581628 2.595439 2.868151  -0.686792 2.206746 2.725843
-0.551685 2.547923 3.033852  -0.621641 2.225091 2.860227  -0.476556 2.380493 3.029445
-0.476556 2.380493 3.029445  -0.621641 2.225091 2.860227  -0.529544 2.235400 2.874348
-0.529544 2.235400 2.874348  -0.621641 2.225091 2.860227  -0.520822 2.189894 2.936894
-0.520822 2.189894 2.936894  -0.621641 2.225091 2.860227  -0.502739 1.899915 3.104480
-0.502739 1.899915 3.104480  -0.621641 2.225091 2.860227  -0.608341 1.816025 3.072840
-0.621641 2.225091 2.860227  -0.686792 2.206746 2.725843  -0.608341 1.816025 3.072840
-0.608341 1.816025 3.072840  -0.686792 2.206746 2.725843  -0.589763 1.986647 2.750930
-0.686792 2.206746 2.725843  -0.627450 2.162784 2.619474  -0.589763 1.986647 2.750930
-0.541319 1.580647 3.354210  -0.480659 1.512959 3.436162  -0.514930 1.632397 3.429351
-0.480659 1.512959 3.436162  -0.461007 1.616956 3.381329  -0.514930 1.632397 3.429351
-0.514930 1.632397 3.429351  -0.461007 1.616956 3.381329  -0.487927 1.795341 3.258634
-0.461007 1.616956 3.381329  -0.451964 1.700573 3.212094  -0.487927 1.795341 3.258634
-0.451964 1.700573 3.212094  -0.436368 1.690448 3.402435  -0.487927 1.795341 3.258634
-0.487927 1.795341 3.258634  -0.436368 1.690448 3.402435  -0.404450 1.773973 3.465887
-0.436368 1.690448 3.402435  -0.374972 1.634052 3.502214  -0.404450 1.773973 3.465887
-0.374972 1.634052 3.502214  -0.354432 1.725651 3.402576  -0.404450 1.773973 3.465887
-0.354432 1.725651 3.402576  -0.395232 1.809819 3.174593  -0.404450 1.773973 3.465887
-0.404450 1.773973 3.465887  -0.395232 1.809819 3.174593  -0.427348 1.828289 3.263584
-0.395232 1.809819 3.174593  -0.502739 1.899915 3.104480  -0.427348 1.828289 3.263584
-0.427348 1.828289 3.263584  -0.502739 1.899915 3.104480  -0.487927 1.795341 3.258634
-0.502739 1.899915 3.104480  -0.608341 1.816025 3.072840  -0.487927 1.795341 3.258634
-0.487927 1.795341 3.258634  -0.608341 1.816025 3.072840  -0.575025 1.715617 3.227962
-0.608341 1.816025 3.072840  -0.658101 1.651290 3.178769  -0.575025 1.715617 3.227962
-0.575025 1.715617 3.227962  -0.658101 1.651290 3.178769  -0.562662 1.483069 3.270252
-0.562662 1.483069 3.270252  -0.658101 1.651290 3.178769  -0.589370 1.472087 3.179191
-0.589370 1.472087 3.179191  -0.658101 1.651290 3.178769  -0.573704 1.632277 3.131133
-0.404450 1.773973 3.465887  -0.427348 1.828289 3.263584  -0.487927 1.795341 3.258634
-0.562662 1.483069 3.270252  -0.540018 1.659233 3.194976  -0.575025 1.715617 3.227962
-0.540018 1.659233 3.194976  -0.541319 1.580647 3.354210  -0.575025 1.715617 3.227962
-0.541319 1.580647 3.354210  -0.514930 1.632397 3.429351  -0.575025 1.715617 3.227962
-0.575025 1.715617 3.227962  -0.514930 1.632397 3.429351  -0.487927 1.795341 3.258634
-0.589370 1.472087 3.179191  -0.521503 1.379309 3.188190  -0.562662 1.483069 3.270252
-0.521503 1.379309 3.188190  -0.517853 1.475089 3.172520  -0.562662 1.483069 3.270252
-0.562662 1.483069 3.270252  -0.517853 1.475089 3.172520  -0.540018 1.659233 3.194976
0.000000 3.455979 5.662789  0.000000 3.572224 5.660512  -0.091412 3.451135 5.596469
0.000000 3.572224 5.660512  -0.094256 3.564738 5.593672  -0.091412 3.451135 5.596469
-0.094256 3.564738 5.593672  -0.151463 3.584266 5.277385  -0.091412 3.451135 5.596469
-0.091412 3.451135 5.596469  -0.151463 3.584266 5.277385  -0.145257 3.469005 5.280406
-0.151463 3.584266 5.277385  -0.178932 3.629278 5.144827  -0.145257 3.469005 5.280406
-0.145257 3.469005 5.280406  -0.178932 3.629278 5.144827  -0.172135 3.520385 5.146106
-0.178932 3.629278 5.144827  -0.187093 3.625306 4.925007  -0.172135 3.520385 5.146106
-0.172135 3.520385 5.146106  -0.187093 3.625306 4.925007  -0.177846 3.524127 4.928030
-0.279816 3.431257 -2.994844  -0.365555 3.167546 -1.981735  -0.365555 3.590315 -1.963217
-0.365555 3.167546 -1.981735  -0.452474 2.925448 -1.180218  -0.365555 3.590315 -1.963217
-0.452474 2.925448 -1.180218  -0.450984 3.590945 -1.122531  -0.365555 3.590315 -1.963217
-0.365555 3.590315 -1.963217  -0.450984 3.590945 -1.122531  -0.292450 3.849799 -1.066430
-0.095149 3.397345 -6.269819  -0.137415 3.383213 -5.589173  0.000000 3.500829 -6.266046
0.000000 3.500829 -6.266046  -0.137415 3.383213 -5.589173  0.000000 3.544348 -5.589476
-0.137415 3.383213 -5.589173  -0.175214 3.392840 -4.894057  0.000000 3.544348 -5.589476
0.000000 3.544348 -5.589476  -0.175214 3.392840 -4.894057  0.000000 3.621620 -4.886271
-0.175214 3.392840 -4.894057  -0.232261 3.405077 -3.978904  0.000000 3.621620 -4.886271
0.000000 3.621620 -4.886271  -0.232261 3.405077 -3.978904  0.000000 3.719483 -4.012332
-0.232261 3.405077 -3.978904  -0.279816 3.431257 -2.994844  0.000000 3.719483 -4.012332
0.000000 3.719483 -4.012332  -0.279816 3.431257 -2.994844  0.000000 3.831198 -3.059806
-0.279816 3.431257 -2.994844  -0.365555 3.590315 -1.963217  0.000000 3.831198 -3.059806
0.000000 3.831198 -3.059806  -0.365555 3.590315 -1.963217  -0.024071 3.914543 -1.943030
-0.365555 3.590315 -1.963217  -0.292450 3.849799 -1.066430  -0.024071 3.914543 -1.943030
-0.292450 3.849799 -1.066430  -0.052047 4.025061 -1.030873  -0.024071 3.914543 -1.943030
-0.024071 3.914543 -1.943030  -0.052047 4.025061 -1.030873  0.000000 4.132540 -1.947063
-0.052047 4.025061 -1.030873  0.000000 4.420682 -1.049287  0.000000 4.132540 -1.947063
0.000000 4.132540 -1.947063  0.000000 3.831198 -3.059806  -0.024071 3.914543 -1.943030
-0.452474 2.925448 -1.180218  -0.365555 3.167546 -1.981735  0.000000 2.529092 -1.102676
0.000000 2.529092 -1.102676  -0.365555 3.167546 -1.981735  0.000000 2.778195 -1.996342
-0.365555 3.167546 -1.981735  -0.279816 3.431257 -2.994844  0.000000 2.778195 -1.996342
0.000000 2.778195 -1.996342  -0.279816 3.431257 -2.994844  0.000000 2.949060 -2.962876
-0.279816 3.431257 -2.994844  -0.232261 3.405077 -3.978904  0.000000 2.949060 -2.962876
0.000000 2.949060 -2.962876  -0.232261 3.405077 -3.978904  0.000000 3.016891 -3.961511
-0.232261 3.405077 -3.978904  -0.175214 3.392840 -4.894057  0.000000 3.016891 -3.961511
0.000000 3.016891 -3.961511  -0.175214 3.392840 -4.894057  0.000000 3.104364 -4.891513
-0.175214 3.392840 -4.894057  -0.137415 3.383213 -5.589173  0.000000 3.104364 -4.891513
0.000000 3.104364 -4.891513  -0.137415 3.383213 -5.589173  0.000000 3.153029 -5.588843
-0.137415 3.383213 -5.589173  -0.095149 3.397345 -6.269819  0.000000 3.153029 -5.588843
0.000000 3.153029 -5.588843  -0.095149 3.397345 -6.269819  0.000000 3.217208 -6.274127
-0.095149 3.397345 -6.269819  -0.050657 3.368126 -6.696797  0.000000 3.217208 -6.274127
0.000000 3.217208 -6.274127  -0.050657 3.368126 -6.696797  0.000000 3.285558 -6.682827
0.000000 3.285558 -6.682827  -0.050657 3.368126 -6.696797  0.000000 3.369631 -6.878530
0.000000 3.369631 -6.878530  -0.050657 3.368126 -6.696797  0.000000 3.431054 -6.687954
-0.050657 3.368126 -6.696797  -0.095149 3.397345 -6.269819  0.000000 3.431054 -6.687954
0.000000 3.431054 -6.687954  -0.095149 3.397345 -6.269819  0.000000 3.500829 -6.266046
0.000000 3.264127 5.606978  0.000000 3.153944 5.597079  0.054798 3.277772 5.520604
0.000000 3.153944 5.597079  0.060399 3.168643 5.520867  0.054798 3.277772 5.520604
0.054798 3.277772 5.520604  0.060399 3.168643 5.520867  0.098156 3.363792 5.275218
0.060399 3.168643 5.520867  0.112058 3.248473 5.225804  0.098156 3.363792 5.275218
0.098156 3.363792 5.275218  0.112058 3.248473 5.225804  0.126669 3.456382 5.149596
0.112058 3.248473 5.225804  0.146285 3.340861 5.090398  0.126669 3.456382 5.149596
0.126669 3.456382 5.149596  0.146285 3.340861 5.090398  0.139168 3.514179 4.992590
0.146285 3.340861 5.090398  0.157129 3.395522 4.916439  0.139168 3.514179 4.992590
-0.615869 3.123394 -0.740836  -0.319970 2.299765 -0.028522  -0.494432 2.558472 -0.504968
-0.319970 2.299765 -0.028522  -0.528015 2.232893 -0.189644  -0.494432 2.558472 -0.504968
-0.528015 2.232893 -0.189644  -0.319970 2.299765 -0.028522  -0.654977 1.929667 0.204655
-0.319970 2.299765 -0.028522  -0.491392 1.934236 0.267429  -0.654977 1.929667 0.204655
-0.654977 1.929667 0.204655  -0.491392 1.934236 0.267429  -0.709801 1.748457 -0.097174
-0.491392 1.934236 0.267429  -0.438231 1.805454 0.103033  -0.709801 1.748457 -0.097174
-0.709801 1.748457 -0.097174  -0.438231 1.805454 0.103033  -0.444550 1.185610 -0.140650
-0.438231 1.805454 0.103033  -0.343990 1.717040 0.348776  -0.444550 1.185610 -0.140650
-0.444550 1.185610 -0.140650  -0.343990 1.717040 0.348776  -0.444550 1.101574 0.148117
-0.343990 1.717040 0.348776  -0.479204 1.652834 0.606783  -0.444550 1.101574 0.148117
-0.444550 1.101574 0.148117  -0.479204 1.652834 0.606783  -0.701732 1.595539 0.794908
-0.479204 1.652834 0.606783  -0.528053 1.865515 0.790246  -0.701732 1.595539 0.794908
-0.701732 1.595539 0.794908  -0.528053 1.865515 0.790246  -0.662302 1.859620 0.925343
-0.662302 1.859620 0.925343  -0.528053 1.865515 0.790246  -0.711367 1.982518 0.936962
-0.528053 1.865515 0.790246  -0.570021 2.722422 0.923997  -0.711367 1.982518 0.936962
-0.438231 1.805454 0.103033  -0.491392 1.934236 0.267429  -0.343990 1.717040 0.348776
-0.491392 1.934236 0.267429  -0.528053 1.865515 0.790246  -0.343990 1.717040 0.348776
-0.343990 1.717040 0.348776  -0.528053 1.865515 0.790246  -0.479204 1.652834 0.606783
-0.602597 1.018556 0.160228  -0.444550 1.101574 0.148117  -0.701732 1.595539 0.794908
-0.319970 2.299765 -0.028522  -0.275826 2.263835 0.260830  -0.491392 1.934236 0.267429
-0.491392 1.934236 0.267429  -0.275826 2.263835 0.260830  -0.528053 1.865515 0.790246
-0.275826 2.263835 0.260830  -0.514825 2.606494 0.886809  -0.528053 1.865515 0.790246
-0.528053 1.865515 0.790246  -0.514825 2.606494 0.886809  -0.570021 2.722422 0.923997
-0.709801 1.748457 -0.097174  -0.444550 1.185610 -0.140650  -0.602597 1.191194 -0.274422
-0.602597 1.191194 -0.274422  -0.444550 1.185610 -0.140650  -0.602597 0.893130 -0.436234
-0.570021 2.722422 0.923997  -0.514825 2.606494 0.886809  -0.580218 3.399009 0.956476
-0.580218 3.399009 0.956476  -0.514825 2.606494 0.886809  -0.453923 2.656413 0.894807
-0.514825 2.606494 0.886809  -0.275826 2.263835 0.260830  -0.453923 2.656413 0.894807
-0.664052 0.372634 0.198902  -0.428050 0.207370 0.282844  -0.483745 0.412749 0.135393
-0.428050 0.207370 0.282844  -0.409612 0.155819 0.074741  -0.483745 0.412749 0.135393
-0.483745 0.412749 0.135393  -0.409612 0.155819 0.074741  -0.453850 0.410701 -0.022613
-0.409612 0.155819 0.074741  -0.471480 0.180577 -0.128480  -0.453850 0.410701 -0.022613
-0.453850 0.410701 -0.022613  -0.471480 0.180577 -0.128480  -0.431146 0.611597 -0.258267
-0.471480 0.180577 -0.128480  -0.712993 0.213045 -0.243134  -0.431146 0.611597 -0.258267
-0.712993 0.213045 -0.243134  -0.602617 0.539031 -0.268935  -0.431146 0.611597 -0.258267
-0.602617 0.539031 -0.268935  -0.585011 0.611598 -0.375944  -0.431146 0.611597 -0.258267
-0.585011 0.611598 -0.375944  -0.602597 0.893130 -0.436234  -0.431146 0.611597 -0.258267
-0.431146 0.611597 -0.258267  -0.602597 0.893130 -0.436234  -0.374436 0.864864 -0.276064
-0.602597 0.893130 -0.436234  -0.444550 1.185610 -0.140650  -0.374436 0.864864 -0.276064
-0.374436 0.864864 -0.276064  -0.444550 1.185610 -0.140650  -0.398618 0.831355 0.020032
-0.444550 1.185610 -0.140650  -0.444550 1.101574 0.148117  -0.398618 0.831355 0.020032
-0.444550 1.101574 0.148117  -0.602597 1.018556 0.160228  -0.398618 0.831355 0.020032
-0.602597 1.018556 0.160228  -0.602597 0.806118 0.076131  -0.398618 0.831355 0.020032
-0.602597 0.806118 0.076131  -0.664052 0.372634 0.198902  -0.398618 0.831355 0.020032
-0.664052 0.372634 0.198902  -0.483745 0.412749 0.135393  -0.398618 0.831355 0.020032
-0.398618 0.831355 0.020032  -0.483745 0.412749 0.135393  -0.383663 0.555350 0.053507
-0.483745 0.412749 0.135393  -0.329008 0.313095 0.121375  -0.383663 0.555350 0.053507
-0.329008 0.313095 0.121375  -0.453850 0.410701 -0.022613  -0.383663 0.555350 0.053507
-0.453850 0.410701 -0.022613  -0.431146 0.611597 -0.258267  -0.383663 0.555350 0.053507
-0.431146 0.611597 -0.258267  -0.374436 0.864864 -0.276064  -0.383663 0.555350 0.053507
-0.383663 0.555350 0.053507  -0.374436 0.864864 -0.276064  -0.398618 0.831355 0.020032
-0.483745 0.412749 0.135393  -0.453850 0.410701 -0.022613  -0.329008 0.313095 0.121375
0.483745 0.412749 0.135393  0.383663 0.555350 0.053507  0.329008 0.313095 0.121375
0.329008 0.313095 0.121375  0.383663 0.555350 0.053507  0.453850 0.410701 -0.022613
0.383663 0.555350 0.053507  0.431146 0.611597 -0.258267  0.453850 0.410701 -0.022613
0.428050 0.207370 0.282844  0.664052 0.372634 0.198902  0.483745 0.412749 0.135393
0.664052 0.372634 0.198902  0.398618 0.831355 0.020032  0.483745 0.412749 0.135393
0.483745 0.412749 0.135393  0.398618 0.831355 0.020032  0.383663 0.555350 0.053507
0.398618 0.831355 0.020032  0.374436 0.864864 -0.276064  0.383663 0.555350 0.053507
0.383663 0.555350 0.053507  0.374436 0.864864 -0.276064  0.431146 0.611597 -0.258267
0.374436 0.864864 -0.276064  0.602597 0.893130 -0.436234  0.431146 0.611597 -0.258267
0.602597 0.893130 -0.436234  0.585011 0.611598 -0.375944  0.431146 0.611597 -0.258267
0.585011 0.611598 -0.375944  0.602617 0.539031 -0.268935  0.431146 0.611597 -0.258267
0.602617 0.539031 -0.268935  0.712993 0.213045 -0.243134  0.431146 0.611597 -0.258267
0.712993 0.213045 -0.243134  0.471480 0.180577 -0.128480  0.431146 0.611597 -0.258267
0.431146 0.611597 -0.258267  0.471480 0.180577 -0.128480  0.453850 0.410701 -0.022613
0.471480 0.180577 -0.128480  0.409612 0.155819 0.074741  0.453850 0.410701 -0.022613
0.453850 0.410701 -0.022613  0.409612 0.155819 0.074741  0.483745 0.412749 0.135393
0.329008 0.313095 0.121375  0.453850 0.410701 -0.022613  0.483745 0.412749 0.135393
0.409612 0.155819 0.074741  0.428050 0.207370 0.282844  0.483745 0.412749 0.135393
0.602597 1.191194 -0.274422  0.602597 0.893130 -0.436234  0.444550 1.185610 -0.140650
0.602597 0.893130 -0.436234  0.374436 0.864864 -0.276064  0.444550 1.185610 -0.140650
0.374436 0.864864 -0.276064  0.398618 0.831355 0.020032  0.444550 1.185610 -0.140650
0.444550 1.185610 -0.140650  0.398618 0.831355 0.020032  0.444550 1.101574 0.148117
0.444550 1.101574 0.148117  0.398618 0.831355 0.020032  0.602597 1.018556 0.160228
0.602597 1.018556 0.160228  0.398618 0.831355 0.020032  0.602597 0.806118 0.076131
0.398618 0.831355 0.020032  0.664052 0.372634 0.198902  0.602597 0.806118 0.076131
0.110280 3.565927 5.608737  0.000000 3.679833 4.908714  0.167098 3.573985 5.302786
0.167098 3.573985 5.302786  0.000000 3.679833 4.908714  0.206542 3.629278 5.135701
0.206542 3.629278 5.135701  0.000000 3.679833 4.908714  0.216689 3.625306 4.896605
0.000000 3.679833 4.908714  0.000000 3.622546 4.263389  0.216689 3.625306 4.896605
0.216689 3.625306 4.896605  0.000000 3.622546 4.263389  0.222265 3.528687 4.848633
0.222265 3.528687 4.848633  0.000000 3.622546 4.263389  0.183841 3.426360 4.891439
0.000000 3.622546 4.263389  0.000000 3.422592 4.523342  0.183841 3.426360 4.891439
0.183841 3.426360 4.891439  0.000000 3.422592 4.523342  0.172699 3.364941 5.088795
0.172699 3.364941 5.088795  0.000000 3.422592 4.523342  0.131851 3.262247 5.231453
0.131851 3.262247 5.231453  0.000000 3.422592 4.523342  0.109402 3.197220 5.404568
0.000000 3.422592 4.523342  0.000000 3.153944 5.601595  0.109402 3.197220 5.404568
0.109402 3.197220 5.404568  0.000000 3.153944 5.601595  0.070667 3.177233 5.533202
0.000000 3.679833 4.908714  0.110280 3.565927 5.608737  0.000000 3.571293 5.679416
0.052047 4.025061 -1.030873  0.292450 3.849799 -1.066430  0.024071 3.914543 -1.943030
0.000000 4.420682 -1.049287  0.052047 4.025061 -1.030873  0.000000 4.132540 -1.947063
0.052047 4.025061 -1.030873  0.024071 3.914543 -1.943030  0.000000 4.132540 -1.947063
0.000000 4.132540 -1.947063  0.024071 3.914543 -1.943030  0.000000 3.831198 -3.059806
0.000000 3.831198 -3.059806  0.024071 3.914543 -1.943030  0.365555 3.590315 -1.963217
0.024071 3.914543 -1.943030  0.292450 3.849799 -1.066430  0.365555 3.590315 -1.963217
0.292450 3.849799 -1.066430  0.450984 3.590945 -1.122531  0.365555 3.590315 -1.963217
0.450984 3.590945 -1.122531  0.452474 2.925448 -1.180218  0.365555 3.590315 -1.963217
0.365555 3.590315 -1.963217  0.452474 2.925448 -1.180218  0.365555 3.167546 -1.981735
0.452474 2.925448 -1.180218  0.000000 2.529092 -1.102676  0.365555 3.167546 -1.981735
0.000000 2.529092 -1.102676  0.000000 2.778195 -1.996342  0.365555 3.167546 -1.981735
0.365555 3.167546 -1.981735  0.000000 2.778195 -1.996342  0.279816 3.431257 -2.994844
0.000000 2.778195 -1.996342  0.000000 2.949060 -2.962876  0.279816 3.431257 -2.994844
0.279816 3.431257 -2.994844  0.000000 2.949060 -2.962876  0.232261 3.405077 -3.978904
0.000000 2.949060 -2.962876  0.000000 3.016891 -3.961511  0.232261 3.405077 -3.978904
0.232261 3.405077 -3.978904  0.000000 3.016891 -3.961511  0.175214 3.392840 -4.894057
0.000000 3.016891 -3.961511  0.000000 3.104364 -4.891513  0.175214 3.392840 -4.894057
0.175214 3.392840 -4.894057  0.000000 3.104364 -4.891513  0.137415 3.383213 -5.589173
0.000000 3.104364 -4.891513  0.000000 3.153029 -5.588843  0.137415 3.383213 -5.589173
0.137415 3.383213 -5.589173  0.000000 3.153029 -5.588843  0.095149 3.397345 -6.269819
0.000000 3.153029 -5.588843  0.000000 3.217208 -6.274127  0.095149 3.397345 -6.269819
0.095149 3.397345 -6.269819  0.000000 3.217208 -6.274127  0.050657 3.368126 -6.696797
0.000000 3.217208 -6.274127  0.000000 3.285558 -6.682827  0.050657 3.368126 -6.696797
0.000000 3.285558 -6.682827  0.000000 3.369631 -6.878530  0.050657 3.368126 -6.696797
0.000000 3.369631 -6.878530  0.000000 3.431054 -6.687954  0.050657 3.368126 -6.696797
0.050657 3.368126 -6.696797  0.000000 3.431054 -6.687954  0.095149 3.397345 -6.269819
0.000000 3.431054 -6.687954  0.000000 3.500829 -6.266046  0.095149 3.397345 -6.269819
0.095149 3.397345 -6.269819  0.000000 3.500829 -6.266046  0.137415 3.383213 -5.589173
0.000000 3.500829 -6.266046  0.000000 3.544348 -5.589476  0.137415 3.383213 -5.589173
0.137415 3.383213 -5.589173  0.000000 3.544348 -5.589476  0.175214 3.392840 -4.894057
0.000000 3.544348 -5.589476  0.000000 3.621620 -4.886271  0.175214 3.392840 -4.894057
0.175214 3.392840 -4.894057  0.000000 3.621620 -4.886271  0.232261 3.405077 -3.978904
0.000000 3.621620 -4.886271  0.000000 3.719483 -4.012332  0.232261 3.405077 -3.978904
0.232261 3.405077 -3.978904  0.000000 3.719483 -4.012332  0.279816 3.431257 -2.994844
0.000000 3.719483 -4.012332  0.000000 3.831198 -3.059806  0.279816 3.431257 -2.994844
0.000000 3.831198 -3.059806  0.365555 3.590315 -1.963217  0.279816 3.431257 -2.994844
0.279816 3.431257 -2.994844  0.365555 3.590315 -1.963217  0.365555 3.167546 -1.981735
-0.943946 0.013981 -0.006297  -0.730419 0.054164 -0.134109  -0.640627 -0.001765 0.397970
-0.730419 0.054164 -0.134109  -0.480453 0.040148 -0.059051  -0.640627 -0.001765 0.397970
-0.480453 0.040148 -0.059051  -0.401594 -0.001764 0.135636  -0.640627 -0.001765 0.397970
-0.401594 -0.001764 0.135636  -0.359136 0.000985 0.534765  -0.640627 -0.001765 0.397970
-0.640627 -0.001765 0.397970  -0.359136 0.000985 0.534765  -0.474936 0.000086 0.639299
-0.359136 0.000985 0.534765  -0.357667 0.015522 0.736752  -0.474936 0.000086 0.639299
-1.195882 0.003273 0.490548  -1.164312 -0.004929 0.372863  -1.105876 -0.000741 0.450171
-1.164312 -0.004929 0.372863  -0.943946 0.013981 -0.006297  -1.105876 -0.000741 0.450171
-1.105876 -0.000741 0.450171  -0.943946 0.013981 -0.006297  -0.866999 0.025491 0.330680
-0.943946 0.013981 -0.006297  -0.640627 -0.001765 0.397970  -0.866999 0.025491 0.330680
-0.866999 0.025491 0.330680  -0.640627 -0.001765 0.397970  -0.849623 0.014823 0.690886
-0.640627 -0.001765 0.397970  -0.754809 0.015544 0.723088  -0.849623 0.014823 0.690886
-0.849623 0.014823 0.690886  -0.754809 0.015544 0.723088  -0.819730 0.016138 0.809839
-0.480659 1.512959 3.436162  -0.541319 1.580647 3.354210  -0.461007 1.616956 3.381329
-0.461007 1.616956 3.381329  -0.541319 1.580647 3.354210  -0.451964 1.700573 3.212094
-0.541319 1.580647 3.354210  -0.540018 1.659233 3.194976  -0.451964 1.700573 3.212094
-0.521503 1.379309 3.188190  -0.589370 1.472087 3.179191  -0.517853 1.475089 3.172520
-0.589370 1.472087 3.179191  -0.573704 1.632277 3.131133  -0.517853 1.475089 3.172520
-0.517853 1.475089 3.172520  -0.573704 1.632277 3.131133  -0.540018 1.659233 3.194976
-0.573704 1.632277 3.131133  -0.437249 1.832909 3.052644  -0.540018 1.659233 3.194976
-0.540018 1.659233 3.194976  -0.437249 1.832909 3.052644  -0.451964 1.700573 3.212094
-0.437249 1.832909 3.052644  -0.395232 1.809819 3.174593  -0.451964 1.700573 3.212094
-0.395232 1.809819 3.174593  -0.354432 1.725651 3.402576  -0.451964 1.700573 3.212094
-0.451964 1.700573 3.212094  -0.354432 1.725651 3.402576  -0.436368 1.690448 3.402435
-0.354432 1.725651 3.402576  -0.374972 1.634052 3.502214  -0.436368 1.690448 3.402435
-0.395232 1.809819 3.174593  -0.437249 1.832909 3.052644  -0.502739 1.899915 3.104480
-0.502739 1.899915 3.104480  -0.437249 1.832909 3.052644  -0.399897 2.131673 2.890904
-0.437249 1.832909 3.052644  -0.481748 1.986647 2.728955  -0.399897 2.131673 2.890904
-0.481748 1.986647 2.728955  -0.500800 2.153677 2.597499  -0.399897 2.131673 2.890904
-0.399897 2.131673 2.890904  -0.500800 2.153677 2.597499  -0.440372 2.232216 2.816769
-0.500800 2.153677 2.597499  -0.532484 2.306337 2.665318  -0.440372 2.232216 2.816769
-0.440372 2.232216 2.816769  -0.532484 2.306337 2.665318  -0.357009 2.510935 2.758299
-0.357009 2.510935 2.758299  -0.286690 2.525994 3.034926  -0.440372 2.232216 2.816769
-0.286690 2.525994 3.034926  -0.476556 2.380493 3.029445  -0.440372 2.232216 2.816769
-0.476556 2.380493 3.029445  -0.529544 2.235400 2.874348  -0.440372 2.232216 2.816769
-0.440372 2.232216 2.816769  -0.529544 2.235400 2.874348  -0.399897 2.131673 2.890904
-0.529544 2.235400 2.874348  -0.520822 2.189894 2.936894  -0.399897 2.131673 2.890904
-0.399897 2.131673 2.890904  -0.520822 2.189894 2.936894  -0.502739 1.899915 3.104480
-0.776206 0.165146 0.635361  -0.819730 0.016138 0.809839  -0.754809 0.015544 0.723088
-0.633485 0.207371 0.351275  -0.776206 0.165146 0.635361  -0.640627 -0.001765 0.397970
-0.776206 0.165146 0.635361  -0.754809 0.015544 0.723088  -0.640627 -0.001765 0.397970
-0.664052 0.372634 0.198902  -0.633485 0.207371 0.351275  -0.428050 0.207370 0.282844
-0.428050 0.207370 0.282844  -0.633485 0.207371 0.351275  -0.432809 0.172848 0.604561
-0.633485 0.207371 0.351275  -0.640627 -0.001765 0.397970  -0.432809 0.172848 0.604561
-0.432809 0.172848 0.604561  -0.640627 -0.001765 0.397970  -0.474936 0.000086 0.639299
-0.432809 0.172848 0.604561  -0.474936 0.000086 0.639299  -0.357667 0.015522 0.736752
0.502739 1.899915 3.104480  0.621641 2.225091 2.860227  0.520822 2.189894 2.936894
0.520822 2.189894 2.936894  0.621641 2.225091 2.860227  0.529544 2.235400 2.874348
0.529544 2.235400 2.874348  0.621641 2.225091 2.860227  0.476556 2.380493 3.029445
0.621641 2.225091 2.860227  0.551685 2.547923 3.033852  0.476556 2.380493 3.029445
0.476556 2.380493 3.029445  0.551685 2.547923 3.033852  0.446699 2.486973 3.095171
0.395232 1.809819 3.174593  0.427348 1.828289 3.263584  0.502739 1.899915 3.104480
0.395232 1.809819 3.174593  0.404450 1.773973 3.465887  0.427348 1.828289 3.263584
0.404450 1.773973 3.465887  0.487927 1.795341 3.258634  0.427348 1.828289 3.263584
0.427348 1.828289 3.263584  0.487927 1.795341 3.258634  0.502739 1.899915 3.104480
0.487927 1.795341 3.258634  0.608341 1.816025 3.072840  0.502739 1.899915 3.104480
0.502739 1.899915 3.104480  0.608341 1.816025 3.072840  0.621641 2.225091 2.860227
0.608341 1.816025 3.072840  0.686792 2.206746 2.725843  0.621641 2.225091 2.860227
0.621641 2.225091 2.860227  0.686792 2.206746 2.725843  0.551685 2.547923 3.033852
0.551685 2.547923 3.033852  0.686792 2.206746 2.725843  0.581628 2.595439 2.868151
0.686792 2.206746 2.725843  0.535266 2.492124 2.704038  0.581628 2.595439 2.868151
0.581628 2.595439 2.868151  0.535266 2.492124 2.704038  0.501379 2.585226 2.800735
0.501379 2.585226 2.800735  0.535266 2.492124 2.704038  0.357009 2.510935 2.758299
0.357009 2.510935 2.758299  0.535266 2.492124 2.704038  0.532484 2.306337 2.665318
0.535266 2.492124 2.704038  0.686792 2.206746 2.725843  0.532484 2.306337 2.665318
0.532484 2.306337 2.665318  0.686792 2.206746 2.725843  0.627450 2.162784 2.619474
0.686792 2.206746 2.725843  0.589763 1.986647 2.750930  0.627450 2.162784 2.619474
0.627450 2.162784 2.619474  0.589763 1.986647 2.750930  0.500800 2.153677 2.597499
0.500800 2.153677 2.597499  0.589763 1.986647 2.750930  0.481748 1.986647 2.728955
0.589763 1.986647 2.750930  0.562584 1.779947 3.026549  0.481748 1.986647 2.728955
0.686792 2.206746 2.725843  0.608341 1.816025 3.072840  0.589763 1.986647 2.750930
0.608341 1.816025 3.072840  0.562584 1.779947 3.026549  0.589763 1.986647 2.750930
0.500800 2.153677 2.597499  0.532484 2.306337 2.665318  0.627450 2.162784 2.619474
0.514930 1.632397 3.429351  0.575025 1.715617 3.227962  0.487927 1.795341 3.258634
0.575025 1.715617 3.227962  0.608341 1.816025 3.072840  0.487927 1.795341 3.258634
0.481748 1.986647 2.728955  0.562584 1.779947 3.026549  0.437249 1.832909 3.052644
0.437249 1.832909 3.052644  0.562584 1.779947 3.026549  0.573704 1.632277 3.131133
0.562584 1.779947 3.026549  0.608341 1.816025 3.072840  0.573704 1.632277 3.131133
0.573704 1.632277 3.131133  0.608341 1.816025 3.072840  0.658101 1.651290 3.178769
0.608341 1.816025 3.072840  0.575025 1.715617 3.227962  0.658101 1.651290 3.178769
0.658101 1.651290 3.178769  0.575025 1.715617 3.227962  0.562662 1.483069 3.270252
0.562662 1.483069 3.270252  0.575025 1.715617 3.227962  0.540018 1.659233 3.194976
0.540018 1.659233 3.194976  0.575025 1.715617 3.227962  0.541319 1.580647 3.354210
0.575025 1.715617 3.227962  0.514930 1.632397 3.429351  0.541319 1.580647 3.354210
0.541319 1.580647 3.354210  0.514930 1.632397 3.429351  0.480659 1.512959 3.436162
0.480659 1.512959 3.436162  0.514930 1.632397 3.429351  0.461007 1.616956 3.381329
0.514930 1.632397 3.429351  0.487927 1.795341 3.258634  0.461007 1.616956 3.381329
0.461007 1.616956 3.381329  0.487927 1.795341 3.258634  0.451964 1.700573 3.212094
0.451964 1.700573 3.212094  0.487927 1.795341 3.258634  0.436368 1.690448 3.402435
0.487927 1.795341 3.258634  0.404450 1.773973 3.465887  0.436368 1.690448 3.402435
0.436368 1.690448 3.402435  0.404450 1.773973 3.465887  0.374972 1.634052 3.502214
0.374972 1.634052 3.502214  0.404450 1.773973 3.465887  0.354432 1.725651 3.402576
0.404450 1.773973 3.465887  0.395232 1.809819 3.174593  0.354432 1.725651 3.402576
0.562662 1.483069 3.270252  0.589370 1.472087 3.179191  0.658101 1.651290 3.178769
0.589370 1.472087 3.179191  0.573704 1.632277 3.131133  0.658101 1.651290 3.178769
0.540018 1.659233 3.194976  0.517853 1.475089 3.172520  0.562662 1.483069 3.270252
0.517853 1.475089 3.172520  0.521503 1.379309 3.188190  0.562662 1.483069 3.270252
0.562662 1.483069 3.270252  0.521503 1.379309 3.188190  0.589370 1.472087 3.179191
0.528015 2.232893 -0.189644  0.319970 2.299765 -0.028522  0.494432 2.558472 -0.504968
0.319970 2.299765 -0.028522  0.615869 3.123394 -0.740836  0.494432 2.558472 -0.504968
0.776206 0.165146 0.635361  0.754809 0.015544 0.723088  0.819730 0.016138 0.809839
0.754809 0.015544 0.723088  0.776206 0.165146 0.635361  0.640627 -0.001765 0.397970
0.776206 0.165146 0.635361  0.633485 0.207371 0.351275  0.640627 -0.001765 0.397970
0.633485 0.207371 0.351275  0.432809 0.172848 0.604561  0.640627 -0.001765 0.397970
0.640627 -0.001765 0.397970  0.432809 0.172848 0.604561  0.474936 0.000086 0.639299
0.432809 0.172848 0.604561  0.633485 0.207371 0.351275  0.428050 0.207370 0.282844
0.633485 0.207371 0.351275  0.664052 0.372634 0.198902  0.428050 0.207370 0.282844
0.432809 0.172848 0.604561  0.357667 0.015522 0.736752  0.474936 0.000086 0.639299
0.117981 3.991711 5.111175  0.195675 4.030724 4.891533  0.217969 4.163746 4.872688
0.195675 4.030724 4.891533  0.329660 4.135616 4.721502  0.217969 4.163746 4.872688
0.217969 4.163746 4.872688  0.329660 4.135616 4.721502  0.241976 4.207242 4.765584
0.138964 3.766673 5.454373  0.164717 3.821093 5.199816  0.124383 3.894783 5.457818
0.124383 3.894783 5.457818  0.164717 3.821093 5.199816  0.117981 3.991711 5.111175
0.164717 3.821093 5.199816  0.234366 3.847218 4.921859  0.117981 3.991711 5.111175
0.117981 3.991711 5.111175  0.234366 3.847218 4.921859  0.195675 4.030724 4.891533
0.234366 3.847218 4.921859  0.228085 4.017081 4.785085  0.195675 4.030724 4.891533
0.195675 4.030724 4.891533  0.228085 4.017081 4.785085  0.329660 4.135616 4.721502
0.228085 4.017081 4.785085  0.247770 4.178218 4.527372  0.329660 4.135616 4.721502
0.329660 4.135616 4.721502  0.247770 4.178218 4.527372  0.241976 4.207242 4.765584
0.247770 4.178218 4.527372  0.000000 4.131959 4.730784  0.241976 4.207242 4.765584
0.241976 4.207242 4.765584  0.000000 4.131959 4.730784  0.217969 4.163746 4.872688
0.000000 4.131959 4.730784  0.000000 4.047647 5.096231  0.217969 4.163746 4.872688
0.217969 4.163746 4.872688  0.000000 4.047647 5.096231  0.117981 3.991711 5.111175
0.000000 4.047647 5.096231  0.000000 3.925029 5.461862  0.117981 3.991711 5.111175
0.117981 3.991711 5.111175  0.000000 3.925029 5.461862  0.124383 3.894783 5.457818
0.000000 3.925029 5.461862  0.085033 3.746620 5.602705  0.124383 3.894783 5.457818
0.124383 3.894783 5.457818  0.085033 3.746620 5.602705  0.138964 3.766673 5.454373
0.085033 3.746620 5.602705  0.110280 3.565927 5.608737  0.138964 3.766673 5.454373
0.110280 3.565927 5.608737  0.167098 3.573985 5.302786  0.138964 3.766673 5.454373
0.000000 3.925029 5.461862  0.000000 3.809210 5.606823  0.085033 3.746620 5.602705
0.000000 3.809210 5.606823  0.000000 3.571293 5.679416  0.085033 3.746620 5.602705
0.085033 3.746620 5.602705  0.000000 3.571293 5.679416  0.110280 3.565927 5.608737
0.234366 3.847218 4.921859  0.301258 3.864865 4.700259  0.228085 4.017081 4.785085
0.228085 4.017081 4.785085  0.301258 3.864865 4.700259  0.247770 4.178218 4.527372
0.301258 3.864865 4.700259  0.323628 3.923071 4.197940  0.247770 4.178218 4.527372
0.247770 4.178218 4.527372  0.323628 3.923071 4.197940  0.244525 4.159260 4.198046
0.323628 3.923071 4.197940  0.339987 3.424500 4.079292  0.308722 3.575248 3.947176
0.339987 3.424500 4.079292  0.257068 3.331285 3.922265  0.308722 3.575248 3.947176
0.138964 3.766673 5.454373  0.167098 3.573985 5.302786  0.164717 3.821093 5.199816
0.167098 3.573985 5.302786  0.206542 3.629278 5.135701  0.164717 3.821093 5.199816
0.206542 3.629278 5.135701  0.216689 3.625306 4.896605  0.164717 3.821093 5.199816
0.164717 3.821093 5.199816  0.216689 3.625306 4.896605  0.234366 3.847218 4.921859
0.216689 3.625306 4.896605  0.292223 3.608509 4.623244  0.234366 3.847218 4.921859
0.234366 3.847218 4.921859  0.292223 3.608509 4.623244  0.301258 3.864865 4.700259
0.292223 3.608509 4.623244  0.350418 3.563700 4.436881  0.301258 3.864865 4.700259
0.301258 3.864865 4.700259  0.350418 3.563700 4.436881  0.323628 3.923071 4.197940
0.350418 3.563700 4.436881  0.342256 3.449143 4.221768  0.323628 3.923071 4.197940
0.323628 3.923071 4.197940  0.342256 3.449143 4.221768  0.339987 3.424500 4.079292
0.342256 3.449143 4.221768  0.314421 3.244213 4.160546  0.339987 3.424500 4.079292
0.339987 3.424500 4.079292  0.314421 3.244213 4.160546  0.257068 3.331285 3.922265
0.257068 3.331285 3.922265  0.314421 3.244213 4.160546  0.000000 2.937725 3.916389
0.000000 2.937725 3.916389  0.314421 3.244213 4.160546  0.000000 2.987120 4.177470
0.314421 3.244213 4.160546  0.287096 3.093548 4.476950  0.000000 2.987120 4.177470
0.000000 2.987120 4.177470  0.287096 3.093548 4.476950  0.000000 2.998072 4.462417
0.287096 3.093548 4.476950  0.200824 3.220623 4.846409  0.000000 2.998072 4.462417
0.000000 2.998072 4.462417  0.200824 3.220623 4.846409  0.000000 3.128583 4.820703
0.342256 3.449143 4.221768  0.348969 3.431957 4.379474  0.314421 3.244213 4.160546
0.348969 3.431957 4.379474  0.287096 3.093548 4.476950  0.314421 3.244213 4.160546
0.293673 3.444325 4.575876  0.348969 3.431957 4.379474  0.325982 3.483236 4.336927
0.348969 3.431957 4.379474  0.342256 3.449143 4.221768  0.325982 3.483236 4.336927
0.342256 3.449143 4.221768  0.350418 3.563700 4.436881  0.325982 3.483236 4.336927
0.325982 3.483236 4.336927  0.350418 3.563700 4.436881  0.258738 3.581400 4.593904
0.350418 3.563700 4.436881  0.292223 3.608509 4.623244  0.258738 3.581400 4.593904
0.292223 3.608509 4.623244  0.216689 3.625306 4.896605  0.258738 3.581400 4.593904
0.216689 3.625306 4.896605  0.222265 3.528687 4.848633  0.258738 3.581400 4.593904
0.258738 3.581400 4.593904  0.222265 3.528687 4.848633  0.259617 3.472944 4.562328
0.222265 3.528687 4.848633  0.183841 3.426360 4.891439  0.259617 3.472944 4.562328
0.183841 3.426360 4.891439  0.293673 3.444325 4.575876  0.259617 3.472944 4.562328
0.293673 3.444325 4.575876  0.325982 3.483236 4.336927  0.259617 3.472944 4.562328
0.259617 3.472944 4.562328  0.325982 3.483236 4.336927  0.258738 3.581400 4.593904
0.200824 3.220623 4.846409  0.144244 3.145389 5.167588  0.000000 3.128583 4.820703
0.000000 3.128583 4.820703  0.144244 3.145389 5.167588  0.000000 3.053365 5.188598
0.144244 3.145389 5.167588  0.120675 3.109549 5.403685  0.000000 3.053365 5.188598
0.000000 3.053365 5.188598  0.120675 3.109549 5.403685  0.000000 3.027030 5.471155
0.120675 3.109549 5.403685  0.071191 3.106652 5.504639  0.000000 3.027030 5.471155
0.000000 3.027030 5.471155  0.071191 3.106652 5.504639  0.000000 3.099009 5.577896
0.000000 3.099009 5.577896  0.071191 3.106652 5.504639  0.000000 3.153944 5.601595
0.000000 3.153944 5.601595  0.071191 3.106652 5.504639  0.070667 3.177233 5.533202
0.071191 3.106652 5.504639  0.120675 3.109549 5.403685  0.070667 3.177233 5.533202
0.070667 3.177233 5.533202  0.120675 3.109549 5.403685  0.109402 3.197220 5.404568
0.120675 3.109549 5.403685  0.144244 3.145389 5.167588  0.109402 3.197220 5.404568
0.109402 3.197220 5.404568  0.144244 3.145389 5.167588  0.131851 3.262247 5.231453
0.131851 3.262247 5.231453  0.144244 3.145389 5.167588  0.172699 3.364941 5.088795
0.144244 3.145389 5.167588  0.200824 3.220623 4.846409  0.172699 3.364941 5.088795
0.172699 3.364941 5.088795  0.200824 3.220623 4.846409  0.183841 3.426360 4.891439
0.200824 3.220623 4.846409  0.287096 3.093548 4.476950  0.183841 3.426360 4.891439
0.183841 3.426360 4.891439  0.287096 3.093548 4.476950  0.293673 3.444325 4.575876
0.287096 3.093548 4.476950  0.348969 3.431957 4.379474  0.293673 3.444325 4.575876
-0.323628 3.923071 4.197940  -0.247770 4.178218 4.527372  -0.244525 4.159260 4.198046
-0.244525 4.159260 4.198046  -0.247770 4.178218 4.527372  0.000000 4.243570 4.547130
0.000000 4.243570 4.547130  -0.247770 4.178218 4.527372  0.000000 4.131959 4.730784
-0.247770 4.178218 4.527372  -0.241976 4.207242 4.765584  0.000000 4.131959 4.730784
0.000000 4.131959 4.730784  -0.241976 4.207242 4.765584  -0.217969 4.163746 4.872688
-0.217969 4.163746 4.872688  -0.241976 4.207242 4.765584  -0.329660 4.135616 4.721502
-0.241976 4.207242 4.765584  -0.247770 4.178218 4.527372  -0.329660 4.135616 4.721502
0.000000 4.047647 5.096231  0.000000 4.131959 4.730784  -0.217969 4.163746 4.872688
-0.350418 3.563700 4.436881  -0.325982 3.483236 4.336927  -0.258738 3.581400 4.593904
-0.258738 3.581400 4.593904  -0.325982 3.483236 4.336927  -0.259617 3.472944 4.562328
-0.259617 3.472944 4.562328  -0.325982 3.483236 4.336927  -0.293673 3.444325 4.575876
-0.293673 3.444325 4.575876  -0.325982 3.483236 4.336927  -0.348969 3.431957 4.379474
-0.348969 3.431957 4.379474  -0.325982 3.483236 4.336927  -0.342256 3.449143 4.221768
-0.325982 3.483236 4.336927  -0.350418 3.563700 4.436881  -0.342256 3.449143 4.221768
-0.342256 3.449143 4.221768  -0.350418 3.563700 4.436881  -0.323628 3.923071 4.197940
-0.350418 3.563700 4.436881  -0.301258 3.864865 4.700259  -0.323628 3.923071 4.197940
-0.323628 3.923071 4.197940  -0.301258 3.864865 4.700259  -0.247770 4.178218 4.527372
-0.301258 3.864865 4.700259  -0.228085 4.017081 4.785085  -0.247770 4.178218 4.527372
-0.247770 4.178218 4.527372  -0.228085 4.017081 4.785085  -0.329660 4.135616 4.721502
-0.228085 4.017081 4.785085  -0.195675 4.030724 4.891533  -0.329660 4.135616 4.721502
-0.329660 4.135616 4.721502  -0.195675 4.030724 4.891533  -0.217969 4.163746 4.872688
-0.195675 4.030724 4.891533  -0.117981 3.991711 5.111175  -0.217969 4.163746 4.872688
-0.217969 4.163746 4.872688  -0.117981 3.991711 5.111175  0.000000 4.047647 5.096231
0.000000 4.047647 5.096231  -0.117981 3.991711 5.111175  0.000000 3.925029 5.461862
-0.117981 3.991711 5.111175  -0.124383 3.894783 5.457818  0.000000 3.925029 5.461862
0.000000 3.925029 5.461862  -0.124383 3.894783 5.457818  -0.085033 3.746620 5.602705
-0.124383 3.894783 5.457818  -0.138964 3.766673 5.454373  -0.085033 3.746620 5.602705
-0.110280 3.565927 5.608737  0.000000 3.571293 5.679416  -0.085033 3.746620 5.602705
0.000000 3.571293 5.679416  0.000000 3.809210 5.606823  -0.085033 3.746620 5.602705
-0.085033 3.746620 5.602705  0.000000 3.809210 5.606823  0.000000 3.925029 5.461862
-0.301258 3.864865 4.700259  -0.350418 3.563700 4.436881  -0.292223 3.608509 4.623244
-0.350418 3.563700 4.436881  -0.258738 3.581400 4.593904  -0.292223 3.608509 4.623244
-0.292223 3.608509 4.623244  -0.258738 3.581400 4.593904  -0.216689 3.625306 4.896605
-0.216689 3.625306 4.896605  -0.258738 3.581400 4.593904  -0.222265 3.528687 4.848633
-0.258738 3.581400 4.593904  -0.259617 3.472944 4.562328  -0.222265 3.528687 4.848633
-0.222265 3.528687 4.848633  -0.259617 3.472944 4.562328  -0.183841 3.426360 4.891439
-0.259617 3.472944 4.562328  -0.293673 3.444325 4.575876  -0.183841 3.426360 4.891439
-0.183841 3.426360 4.891439  -0.293673 3.444325 4.575876  -0.287096 3.093548 4.476950
-0.293673 3.444325 4.575876  -0.348969 3.431957 4.379474  -0.287096 3.093548 4.476950
-0.287096 3.093548 4.476950  -0.348969 3.431957 4.379474  -0.314421 3.244213 4.160546
-0.348969 3.431957 4.379474  -0.342256 3.449143 4.221768  -0.314421 3.244213 4.160546
-0.314421 3.244213 4.160546  -0.342256 3.449143 4.221768  -0.339987 3.424500 4.079292
-0.342256 3.449143 4.221768  -0.323628 3.923071 4.197940  -0.339987 3.424500 4.079292
-0.323628 3.923071 4.197940  -0.308722 3.575248 3.947176  -0.339987 3.424500 4.079292
-0.308722 3.575248 3.947176  -0.257068 3.331285 3.922265  -0.339987 3.424500 4.079292
-0.339987 3.424500 4.079292  -0.257068 3.331285 3.922265  -0.314421 3.244213 4.160546
-0.257068 3.331285 3.922265  0.000000 2.937725 3.916389  -0.314421 3.244213 4.160546
0.000000 2.937725 3.916389  0.000000 2.987120 4.177470  -0.314421 3.244213 4.160546
-0.314421 3.244213 4.160546  0.000000 2.987120 4.177470  -0.287096 3.093548 4.476950
0.000000 2.987120 4.177470  0.000000 2.998072 4.462417  -0.287096 3.093548 4.476950
-0.287096 3.093548 4.476950  0.000000 2.998072 4.462417  -0.200824 3.220623 4.846409
0.000000 2.998072 4.462417  0.000000 3.128583 4.820703  -0.200824 3.220623 4.846409
-0.200824 3.220623 4.846409  0.000000 3.128583 4.820703  -0.144244 3.145389 5.167588
0.000000 3.128583 4.820703  0.000000 3.053365 5.188598  -0.144244 3.145389 5.167588
-0.144244 3.145389 5.167588  0.000000 3.053365 5.188598  -0.120675 3.109549 5.403685
0.000000 3.053365 5.188598  0.000000 3.027030 5.471155  -0.120675 3.109549 5.403685
-0.120675 3.109549 5.403685  0.000000 3.027030 5.471155  -0.071191 3.106652 5.504639
0.000000 3.027030 5.471155  0.000000 3.099009 5.577896  -0.071191 3.106652 5.504639
0.000000 3.099009 5.577896  0.000000 3.153944 5.601595  -0.071191 3.106652 5.504639
0.000000 3.153944 5.601595  -0.070667 3.177233 5.533202  -0.071191 3.106652 5.504639
-0.071191 3.106652 5.504639  -0.070667 3.177233 5.533202  -0.120675 3.109549 5.403685
-0.070667 3.177233 5.533202  -0.109402 3.197220 5.404568  -0.120675 3.109549 5.403685
-0.120675 3.109549 5.403685  -0.109402 3.197220 5.404568  -0.144244 3.145389 5.167588
-0.109402 3.197220 5.404568  -0.131851 3.262247 5.231453  -0.144244 3.145389 5.167588
-0.131851 3.262247 5.231453  -0.172699 3.364941 5.088795  -0.144244 3.145389 5.167588
-0.144244 3.145389 5.167588  -0.172699 3.364941 5.088795  -0.200824 3.220623 4.846409
-0.172699 3.364941 5.088795  -0.183841 3.426360 4.891439  -0.200824 3.220623 4.846409
-0.200824 3.220623 4.846409  -0.183841 3.426360 4.891439  -0.287096 3.093548 4.476950
-0.110280 3.565927 5.608737  -0.167098 3.573985 5.302786  0.000000 3.679833 4.908714
-0.167098 3.573985 5.302786  -0.206542 3.629278 5.135701  0.000000 3.679833 4.908714
-0.206542 3.629278 5.135701  -0.216689 3.625306 4.896605  0.000000 3.679833 4.908714
0.000000 3.679833 4.908714  -0.216689 3.625306 4.896605  0.000000 3.622546 4.263389
-0.216689 3.625306 4.896605  -0.222265 3.528687 4.848633  0.000000 3.622546 4.263389
-0.222265 3.528687 4.848633  -0.183841 3.426360 4.891439  0.000000 3.622546 4.263389
0.000000 3.622546 4.263389  -0.183841 3.426360 4.891439  0.000000 3.422592 4.523342
-0.183841 3.426360 4.891439  -0.172699 3.364941 5.088795  0.000000 3.422592 4.523342
-0.172699 3.364941 5.088795  -0.131851 3.262247 5.231453  0.000000 3.422592 4.523342
-0.131851 3.262247 5.231453  -0.109402 3.197220 5.404568  0.000000 3.422592 4.523342
0.000000 3.422592 4.523342  -0.109402 3.197220 5.404568  0.000000 3.153944 5.601595
-0.109402 3.197220 5.404568  -0.070667 3.177233 5.533202  0.000000 3.153944 5.601595
0.000000 3.679833 4.908714  0.000000 3.571293 5.679416  -0.110280 3.565927 5.608737
0.000000 3.264127 5.606978  -0.054798 3.277772 5.520604  0.000000 3.153944 5.597079
0.000000 3.153944 5.597079  -0.054798 3.277772 5.520604  -0.060399 3.168643 5.520867
-0.054798 3.277772 5.520604  -0.098156 3.363792 5.275218  -0.060399 3.168643 5.520867
-0.060399 3.168643 5.520867  -0.098156 3.363792 5.275218  -0.112058 3.248473 5.225804
-0.098156 3.363792 5.275218  -0.126669 3.456382 5.149596  -0.112058 3.248473 5.225804
-0.112058 3.248473 5.225804  -0.126669 3.456382 5.149596  -0.146285 3.340861 5.090398
-0.126669 3.456382 5.149596  -0.139168 3.514179 4.992590  -0.146285 3.340861 5.090398
-0.146285 3.340861 5.090398  -0.139168 3.514179 4.992590  -0.157129 3.395522 4.916439
-0.244525 4.159260 4.198046  0.000000 4.243570 4.547130  -0.014541 4.298631 4.241848
0.000000 4.243570 4.547130  0.000000 4.426387 4.444801  -0.014541 4.298631 4.241848
0.000000 4.426387 4.444801  0.000000 4.523552 4.306832  -0.014541 4.298631 4.241848
-0.014541 4.298631 4.241848  0.000000 4.523552 4.306832  0.000000 4.543643 3.991044
-0.206542 3.629278 5.135701  -0.167098 3.573985 5.302786  -0.164717 3.821093 5.199816
-0.206542 3.629278 5.135701  -0.164717 3.821093 5.199816  -0.216689 3.625306 4.896605
-0.164717 3.821093 5.199816  -0.234366 3.847218 4.921859  -0.216689 3.625306 4.896605
-0.216689 3.625306 4.896605  -0.234366 3.847218 4.921859  -0.292223 3.608509 4.623244
-0.292223 3.608509 4.623244  -0.234366 3.847218 4.921859  -0.301258 3.864865 4.700259
-0.301258 3.864865 4.700259  -0.234366 3.847218 4.921859  -0.228085 4.017081 4.785085
-0.228085 4.017081 4.785085  -0.234366 3.847218 4.921859  -0.195675 4.030724 4.891533
-0.195675 4.030724 4.891533  -0.234366 3.847218 4.921859  -0.117981 3.991711 5.111175
-0.234366 3.847218 4.921859  -0.164717 3.821093 5.199816  -0.117981 3.991711 5.111175
-0.117981 3.991711 5.111175  -0.164717 3.821093 5.199816  -0.124383 3.894783 5.457818
-0.124383 3.894783 5.457818  -0.164717 3.821093 5.199816  -0.138964 3.766673 5.454373
-0.164717 3.821093 5.199816  -0.167098 3.573985 5.302786  -0.138964 3.766673 5.454373
-0.167098 3.573985 5.302786  -0.110280 3.565927 5.608737  -0.138964 3.766673 5.454373
-0.138964 3.766673 5.454373  -0.110280 3.565927 5.608737  -0.085033 3.746620 5.602705
0.000000 4.543643 3.991044  0.000000 4.523552 4.306832  0.014541 4.298631 4.241848
0.000000 4.523552 4.306832  0.000000 4.426387 4.444801  0.014541 4.298631 4.241848
0.000000 4.426387 4.444801  0.000000 4.243570 4.547130  0.014541 4.298631 4.241848
0.014541 4.298631 4.241848  0.000000 4.243570 4.547130  0.244525 4.159260 4.198046
0.244525 4.159260 4.198046  0.000000 4.243570 4.547130  0.247770 4.178218 4.527372
0.000000 4.243570 4.547130  0.000000 4.131959 4.730784  0.247770 4.178218 4.527372
