1084
0.186041 5.350814 5.512645  0.180586 5.328876 5.521487  0.172294 5.331795 5.510282
-0.242813 5.178960 5.359989  -0.213404 5.177911 5.577834  -0.183755 5.314759 5.450796
-0.183755 5.314759 5.450796  -0.213404 5.177911 5.577834  -0.184139 5.310199 5.496911
-0.176009 5.158762 5.792537  -0.146730 5.301517 5.782171  -0.213404 5.177911 5.577834
-0.146730 5.301517 5.782171  -0.176132 5.326977 5.566554  -0.213404 5.177911 5.577834
-0.176132 5.326977 5.566554  -0.184139 5.310199 5.496911  -0.213404 5.177911 5.577834
-0.176132 5.326977 5.566554  -0.179481 5.328876 5.521487  -0.184139 5.310199 5.496911
-0.176132 5.326977 5.566554  -0.184936 5.350814 5.512645  -0.179481 5.328876 5.521487
-0.184936 5.350814 5.512645  -0.171189 5.331795 5.510282  -0.179481 5.328876 5.521487
-0.171189 5.331795 5.510282  -0.175924 5.319508 5.489593  -0.179481 5.328876 5.521487
-0.179481 5.328876 5.521487  -0.175924 5.319508 5.489593  -0.184139 5.310199 5.496911
-0.175924 5.319508 5.489593  -0.173432 5.322508 5.459254  -0.184139 5.310199 5.496911
-0.184139 5.310199 5.496911  -0.173432 5.322508 5.459254  -0.183755 5.314759 5.450796
-0.120625 5.149232 5.974926  -0.110374 5.236773 5.951911  -0.176009 5.158762 5.792537
-0.176009 5.158762 5.792537  -0.110374 5.236773 5.951911  -0.146730 5.301517 5.782171
-0.110374 5.236773 5.951911  -0.089894 5.319004 5.910044  -0.146730 5.301517 5.782171
-0.089894 5.319004 5.910044  -0.123208 5.425508 5.776715  -0.146730 5.301517 5.782171
-0.146730 5.301517 5.782171  -0.123208 5.425508 5.776715  -0.176132 5.326977 5.566554
-0.123208 5.425508 5.776715  -0.135642 5.463428 5.556611  -0.176132 5.326977 5.566554
-0.176132 5.326977 5.566554  -0.135642 5.463428 5.556611  -0.184936 5.350814 5.512645
-0.135642 5.463428 5.556611  -0.183072 5.367970 5.482315  -0.184936 5.350814 5.512645
-0.183072 5.367970 5.482315  -0.164776 5.342854 5.507930  -0.184936 5.350814 5.512645
-0.184936 5.350814 5.512645  -0.164776 5.342854 5.507930  -0.171189 5.331795 5.510282
0.000552 5.467007 5.773975  -0.135642 5.463428 5.556611  -0.123208 5.425508 5.776715
-0.183755 5.314759 5.450796  -0.173432 5.322508 5.459254  -0.169373 5.335752 5.441651
0.000552 5.508457 5.560236  -0.135642 5.463428 5.556611  0.000552 5.467007 5.773975
0.000552 5.506030 5.351963  -0.144352 5.481108 5.352914  0.000552 5.508457 5.560236
-0.144352 5.481108 5.352914  -0.135642 5.463428 5.556611  0.000552 5.508457 5.560236
-0.144352 5.481108 5.352914  -0.183072 5.367970 5.482315  -0.135642 5.463428 5.556611
-0.208315 5.346766 5.325949  -0.144352 5.481108 5.352914  -0.194012 5.343316 5.252961
-0.194012 5.343316 5.252961  -0.144352 5.481108 5.352914  -0.111289 5.466691 5.236292
-0.144352 5.481108 5.352914  0.000552 5.506030 5.351963  -0.111289 5.466691 5.236292
-0.111289 5.466691 5.236292  0.000552 5.506030 5.351963  0.000552 5.486832 5.238995
-0.183755 5.314759 5.450796  -0.189246 5.334890 5.424040  -0.242813 5.178960 5.359989
-0.242813 5.178960 5.359989  -0.189246 5.334890 5.424040  -0.208315 5.346766 5.325949
-0.189246 5.334890 5.424040  -0.188875 5.365792 5.440436  -0.208315 5.346766 5.325949
-0.208315 5.346766 5.325949  -0.188875 5.365792 5.440436  -0.144352 5.481108 5.352914
-0.144352 5.481108 5.352914  -0.188875 5.365792 5.440436  -0.183072 5.367970 5.482315
-0.188875 5.365792 5.440436  -0.170116 5.358820 5.479991  -0.183072 5.367970 5.482315
-0.183072 5.367970 5.482315  -0.170116 5.358820 5.479991  -0.164776 5.342854 5.507930
-0.170116 5.358820 5.479991  -0.188875 5.365792 5.440436  -0.164205 5.347423 5.446837
-0.188875 5.365792 5.440436  -0.189246 5.334890 5.424040  -0.164205 5.347423 5.446837
-0.164205 5.347423 5.446837  -0.189246 5.334890 5.424040  -0.169373 5.335752 5.441651
-0.189246 5.334890 5.424040  -0.183755 5.314759 5.450796  -0.169373 5.335752 5.441651
0.000552 5.467007 5.773975  -0.123208 5.425508 5.776715  0.000552 5.363750 5.877015
-0.123208 5.425508 5.776715  -0.089894 5.319004 5.910044  0.000552 5.363750 5.877015
0.000552 5.363750 5.877015  -0.089894 5.319004 5.910044  0.000552 5.298597 5.959337
-0.089894 5.319004 5.910044  -0.110374 5.236773 5.951911  0.000552 5.298597 5.959337
0.000552 5.298597 5.959337  -0.110374 5.236773 5.951911  0.000552 5.207813 5.996355
-0.110374 5.236773 5.951911  -0.120625 5.149232 5.974926  0.000552 5.207813 5.996355
0.000552 5.207813 5.996355  -0.120625 5.149232 5.974926  0.000552 5.147355 6.016570
0.000552 5.147355 6.016570  -0.120625 5.149232 5.974926  -0.115305 5.116644 5.972466
-0.115305 5.116644 5.972466  -0.120625 5.149232 5.974926  -0.166885 5.104903 5.794520
-0.120625 5.149232 5.974926  -0.176009 5.158762 5.792537  -0.166885 5.104903 5.794520
-0.166885 5.104903 5.794520  -0.176009 5.158762 5.792537  -0.207760 5.071384 5.600561
-0.176009 5.158762 5.792537  -0.213404 5.177911 5.577834  -0.207760 5.071384 5.600561
-0.207760 5.071384 5.600561  -0.213404 5.177911 5.577834  -0.228488 5.060950 5.393886
-0.213404 5.177911 5.577834  -0.242813 5.178960 5.359989  -0.228488 5.060950 5.393886
-0.228488 5.060950 5.393886  -0.242813 5.178960 5.359989  -0.225866 5.060486 5.300586
-0.225866 5.060486 5.300586  -0.242813 5.178960 5.359989  -0.229354 5.168332 5.290733
-0.242813 5.178960 5.359989  -0.208315 5.346766 5.325949  -0.229354 5.168332 5.290733
-0.229354 5.168332 5.290733  -0.208315 5.346766 5.325949  -0.194012 5.343316 5.252961
-0.228488 5.060950 5.393886  -0.225866 5.060486 5.300586  -0.207610 5.004085 5.305796
0.000552 5.119826 6.008332  0.000552 5.147355 6.016570  -0.115305 5.116644 5.972466
-0.075043 4.936242 5.304269  -0.221168 4.981248 5.427523  -0.207610 5.004085 5.305796
-0.207610 5.004085 5.305796  -0.221168 4.981248 5.427523  -0.228488 5.060950 5.393886
-0.228488 5.060950 5.393886  -0.221168 4.981248 5.427523  -0.207760 5.071384 5.600561
-0.207760 5.071384 5.600561  -0.221168 4.981248 5.427523  -0.193590 4.955019 5.596189
-0.221168 4.981248 5.427523  -0.068192 4.922152 5.435681  -0.193590 4.955019 5.596189
-0.193590 4.955019 5.596189  -0.068192 4.922152 5.435681  -0.079617 4.917237 5.589666
-0.068192 4.922152 5.435681  0.000552 4.904229 5.442652  -0.079617 4.917237 5.589666
0.000552 4.904229 5.442652  0.000552 4.907383 5.591326  -0.079617 4.917237 5.589666
-0.079617 4.917237 5.589666  0.000552 4.907383 5.591326  -0.096121 4.875328 5.779829
0.000552 4.907383 5.591326  0.000552 4.858449 5.771388  -0.096121 4.875328 5.779829
0.000552 4.858449 5.771388  0.000552 4.828894 5.905109  -0.096121 4.875328 5.779829
-0.096121 4.875328 5.779829  0.000552 4.828894 5.905109  -0.115802 4.856168 5.918238
0.000552 4.828894 5.905109  0.000552 4.881968 5.961633  -0.115802 4.856168 5.918238
0.000552 4.881968 5.961633  0.000552 4.954017 5.994097  -0.115802 4.856168 5.918238
0.000552 4.954017 5.994097  -0.115305 4.960156 5.956709  -0.115802 4.856168 5.918238
-0.115802 4.856168 5.918238  -0.115305 4.960156 5.956709  -0.170571 4.903439 5.785002
-0.115305 4.960156 5.956709  -0.166885 4.992481 5.796257  -0.170571 4.903439 5.785002
-0.170571 4.903439 5.785002  -0.166885 4.992481 5.796257  -0.193590 4.955019 5.596189
-0.166885 4.992481 5.796257  -0.207760 5.071384 5.600561  -0.193590 4.955019 5.596189
-0.193590 4.955019 5.596189  -0.079617 4.917237 5.589666  -0.170571 4.903439 5.785002
-0.079617 4.917237 5.589666  -0.096121 4.875328 5.779829  -0.170571 4.903439 5.785002
-0.170571 4.903439 5.785002  -0.096121 4.875328 5.779829  -0.115802 4.856168 5.918238
0.000552 4.904229 5.442652  -0.068192 4.922152 5.435681  0.000552 4.900849 5.331255
0.000552 4.900849 5.331255  -0.068192 4.922152 5.435681  -0.075043 4.936242 5.304269
-0.075043 4.936242 5.304269  -0.068192 4.922152 5.435681  -0.221168 4.981248 5.427523
0.000552 2.359951 2.650165  -0.181978 2.052655 2.508585  0.000552 1.962465 2.548237
-0.304614 2.494510 2.611460  -0.181978 2.052655 2.508585  0.000552 2.359951 2.650165
-0.721718 3.096043 1.397629  -0.760926 3.202801 1.753953  -0.436546 3.645169 1.201238
-0.760926 3.202801 1.753953  -0.574780 3.487090 1.715118  -0.436546 3.645169 1.201238
-0.436546 3.645169 1.201238  -0.574780 3.487090 1.715118  -0.218287 3.978253 1.038817
-0.574780 3.487090 1.715118  -0.211658 3.919397 1.523671  -0.218287 3.978253 1.038817
-0.218287 3.978253 1.038817  -0.211658 3.919397 1.523671  0.000552 4.022136 1.016413
0.000552 4.022136 1.016413  -0.211658 3.919397 1.523671  0.000552 3.963575 1.494545
-0.211658 3.919397 1.523671  -0.229749 3.791199 2.045722  0.000552 3.963575 1.494545
0.000552 3.963575 1.494545  -0.229749 3.791199 2.045722  0.000552 3.816275 2.014268
0.000552 3.816275 2.014268  -0.229749 3.791199 2.045722  0.000552 3.748950 2.306868
0.000552 3.748950 2.306868  -0.229749 3.791199 2.045722  -0.199163 3.698361 2.310002
-0.199163 3.698361 2.310002  -0.229749 3.791199 2.045722  -0.378969 3.428133 2.524049
-0.229749 3.791199 2.045722  -0.587646 3.358477 2.206042  -0.378969 3.428133 2.524049
-0.378969 3.428133 2.524049  -0.587646 3.358477 2.206042  -0.498458 2.840624 2.561066
-0.587646 3.358477 2.206042  -0.646310 2.782905 2.427978  -0.498458 2.840624 2.561066
-0.498458 2.840624 2.561066  -0.646310 2.782905 2.427978  -0.304614 2.494510 2.611460
-0.646310 2.782905 2.427978  -0.358853 2.133327 2.408684  -0.304614 2.494510 2.611460
-0.304614 2.494510 2.611460  -0.358853 2.133327 2.408684  -0.181978 2.052655 2.508585
-0.358853 2.133327 2.408684  -0.175810 1.735079 2.160992  -0.181978 2.052655 2.508585
-0.760926 3.202801 1.753953  -0.666303 3.153716 2.147183  -0.574780 3.487090 1.715118
-0.666303 3.153716 2.147183  -0.587646 3.358477 2.206042  -0.574780 3.487090 1.715118
-0.574780 3.487090 1.715118  -0.587646 3.358477 2.206042  -0.211658 3.919397 1.523671
-0.587646 3.358477 2.206042  -0.229749 3.791199 2.045722  -0.211658 3.919397 1.523671
-0.587646 3.358477 2.206042  -0.666303 3.153716 2.147183  -0.646310 2.782905 2.427978
-0.335616 1.683378 1.613598  -0.244336 1.573214 1.616478  -0.175810 1.735079 2.160992
-0.502376 1.938029 1.581293  -0.654620 1.631604 1.227791  -0.335616 1.683378 1.613598
-0.654620 1.631604 1.227791  -0.303359 1.482425 1.153166  -0.335616 1.683378 1.613598
-0.335616 1.683378 1.613598  -0.303359 1.482425 1.153166  -0.244336 1.573214 1.616478
-0.303359 1.482425 1.153166  0.000552 1.433362 1.129957  -0.244336 1.573214 1.616478
0.000552 1.433362 1.129957  0.000552 1.502810 1.616589  -0.244336 1.573214 1.616478
-0.244336 1.573214 1.616478  0.000552 1.502810 1.616589  -0.175810 1.735079 2.160992
0.000552 1.502810 1.616589  0.000552 1.730403 2.188779  -0.175810 1.735079 2.160992
-0.175810 1.735079 2.160992  0.000552 1.730403 2.188779  -0.181978 2.052655 2.508585
0.000552 1.730403 2.188779  0.000552 1.962465 2.548237  -0.181978 2.052655 2.508585
-0.915170 2.095121 1.357544  -0.654620 1.631604 1.227791  -0.502376 1.938029 1.581293
-0.235849 1.599002 -0.910583  -0.345571 1.722461 -0.906221  -0.438004 1.862425 -1.381354
-0.438004 1.862425 -1.381354  -0.345571 1.722461 -0.906221  -0.586451 2.019324 -1.400523
-0.586451 2.019324 -1.400523  -0.345571 1.722461 -0.906221  -0.370179 1.816117 -0.898248
-0.370179 1.816117 -0.898248  -0.345571 1.722461 -0.906221  -0.304465 1.772202 -0.492589
-0.345571 1.722461 -0.906221  -0.269470 1.639262 -0.482077  -0.304465 1.772202 -0.492589
-0.304465 1.772202 -0.492589  -0.269470 1.639262 -0.482077  -0.354557 1.553334 -0.135355
-0.269470 1.639262 -0.482077  0.000552 1.464711 -0.138564  -0.354557 1.553334 -0.135355
-0.354557 1.553334 -0.135355  0.000552 1.464711 -0.138564  -0.370953 1.475533 0.383932
0.000552 1.464711 -0.138564  0.000552 1.386762 0.372345  -0.370953 1.475533 0.383932
0.000552 1.386762 0.372345  0.000552 1.433362 1.129957  -0.370953 1.475533 0.383932
0.000552 1.433362 1.129957  -0.303359 1.482425 1.153166  -0.370953 1.475533 0.383932
-0.370953 1.475533 0.383932  -0.303359 1.482425 1.153166  -0.720940 1.618238 0.446802
-0.303359 1.482425 1.153166  -0.654620 1.631604 1.227791  -0.720940 1.618238 0.446802
-0.720940 1.618238 0.446802  -0.654620 1.631604 1.227791  -0.982368 2.181423 0.643922
-0.654620 1.631604 1.227791  -0.915170 2.095121 1.357544  -0.982368 2.181423 0.643922
-0.915170 2.095121 1.357544  -0.721718 3.096043 1.397629  -0.982368 2.181423 0.643922
-0.982368 2.181423 0.643922  -0.721718 3.096043 1.397629  -0.777964 3.237831 0.758569
-0.721718 3.096043 1.397629  -0.436546 3.645169 1.201238  -0.777964 3.237831 0.758569
-0.562559 1.752442 -0.130483  -0.304465 1.772202 -0.492589  -0.354557 1.553334 -0.135355
-0.345571 1.722461 -0.906221  -0.235849 1.599002 -0.910583  -0.269470 1.639262 -0.482077
-0.235849 1.599002 -0.910583  0.000552 1.518757 -0.919755  -0.269470 1.639262 -0.482077
0.000552 1.518757 -0.919755  0.000552 1.577617 -0.479258  -0.269470 1.639262 -0.482077
-0.269470 1.639262 -0.482077  0.000552 1.577617 -0.479258  0.000552 1.464711 -0.138564
-0.194205 3.959343 0.551139  -0.271413 3.855298 0.027048  -0.373811 3.802570 0.592902
-0.373811 3.802570 0.592902  -0.271413 3.855298 0.027048  -0.425413 3.736967 0.097263
-0.271413 3.855298 0.027048  -0.481332 3.501949 -0.395424  -0.425413 3.736967 0.097263
-0.425413 3.736967 0.097263  -0.481332 3.501949 -0.395424  -0.713004 3.220790 -0.250340
-0.481332 3.501949 -0.395424  -0.729837 3.153152 -0.533055  -0.713004 3.220790 -0.250340
-0.729837 3.153152 -0.533055  -0.746673 2.868587 -0.158639  -0.713004 3.220790 -0.250340
-0.713004 3.220790 -0.250340  -0.746673 2.868587 -0.158639  -0.723707 3.283939 0.276013
-0.746673 2.868587 -0.158639  -0.921645 2.408916 0.118200  -0.723707 3.283939 0.276013
-0.723707 3.283939 0.276013  -0.921645 2.408916 0.118200  -0.777964 3.237831 0.758569
-0.777964 3.237831 0.758569  -0.921645 2.408916 0.118200  -0.982368 2.181423 0.643922
-0.921645 2.408916 0.118200  -0.562559 1.752442 -0.130483  -0.982368 2.181423 0.643922
-0.982368 2.181423 0.643922  -0.562559 1.752442 -0.130483  -0.720940 1.618238 0.446802
-0.562559 1.752442 -0.130483  -0.354557 1.553334 -0.135355  -0.720940 1.618238 0.446802
-0.720940 1.618238 0.446802  -0.354557 1.553334 -0.135355  -0.370953 1.475533 0.383932
-0.777964 3.237831 0.758569  -0.373811 3.802570 0.592902  -0.723707 3.283939 0.276013
-0.373811 3.802570 0.592902  -0.425413 3.736967 0.097263  -0.723707 3.283939 0.276013
-0.723707 3.283939 0.276013  -0.425413 3.736967 0.097263  -0.713004 3.220790 -0.250340
-0.746673 2.868587 -0.158639  -0.850093 2.194196 -0.068007  -0.921645 2.408916 0.118200
-0.850093 2.194196 -0.068007  -0.562559 1.752442 -0.130483  -0.921645 2.408916 0.118200
-0.777964 3.237831 0.758569  -0.436546 3.645169 1.201238  -0.373811 3.802570 0.592902
-0.436546 3.645169 1.201238  -0.218287 3.978253 1.038817  -0.373811 3.802570 0.592902
-0.373811 3.802570 0.592902  -0.218287 3.978253 1.038817  -0.194205 3.959343 0.551139
-0.218287 3.978253 1.038817  0.000552 4.022136 1.016413  -0.194205 3.959343 0.551139
0.000552 4.022136 1.016413  0.000552 4.021425 0.509669  -0.194205 3.959343 0.551139
0.000552 4.021425 0.509669  0.000552 3.917003 0.016051  -0.194205 3.959343 0.551139
-0.194205 3.959343 0.551139  0.000552 3.917003 0.016051  -0.271413 3.855298 0.027048
0.000552 3.917003 0.016051  -0.261912 3.631801 -0.488249  -0.271413 3.855298 0.027048
-0.271413 3.855298 0.027048  -0.261912 3.631801 -0.488249  -0.481332 3.501949 -0.395424
-0.261912 3.631801 -0.488249  -0.245134 3.505981 -0.937073  -0.481332 3.501949 -0.395424
-0.481332 3.501949 -0.395424  -0.245134 3.505981 -0.937073  -0.729837 3.153152 -0.533055
-0.729837 3.153152 -0.533055  -0.245134 3.505981 -0.937073  -0.730069 3.080968 -0.987884
-0.245134 3.505981 -0.937073  -0.248932 3.340732 -1.479506  -0.730069 3.080968 -0.987884
-0.730069 3.080968 -0.987884  -0.248932 3.340732 -1.479506  -0.651540 2.766382 -1.442075
0.000552 3.917003 0.016051  0.000552 3.669493 -0.519806  -0.261912 3.631801 -0.488249
-0.261912 3.631801 -0.488249  0.000552 3.669493 -0.519806  -0.245134 3.505981 -0.937073
0.000552 3.669493 -0.519806  0.000552 3.586591 -0.979800  -0.245134 3.505981 -0.937073
-0.245134 3.505981 -0.937073  0.000552 3.586591 -0.979800  -0.248932 3.340732 -1.479506
0.000552 3.420278 -1.478247  -0.248932 3.340732 -1.479506  0.000552 3.586591 -0.979800
0.304554 -0.001132 -0.655089  0.465376 -0.001052 -0.806569  0.293763 -0.001157 -0.520017
0.726384 -0.001092 -0.741893  0.820443 -0.001118 -0.550778  0.465376 -0.001052 -0.806569
0.465376 -0.001052 -0.806569  0.820443 -0.001118 -0.550778  0.293763 -0.001157 -0.520017
0.820443 -0.001118 -0.550778  0.599972 -0.001116 -0.216984  0.293763 -0.001157 -0.520017
0.293763 -0.001157 -0.520017  0.599972 -0.001116 -0.216984  0.386567 -0.001121 -0.316145
0.599972 -0.001116 -0.216984  0.820443 -0.001118 -0.550778  0.762092 -0.001130 -0.309224
0.702144 0.166201 -0.779452  0.485927 0.161306 -0.844175  0.476969 0.278369 -0.873680
0.454034 0.896945 -0.839426  0.748973 0.881122 -0.751650  0.476969 0.278369 -0.873680
0.748973 0.881122 -0.751650  0.711111 0.278369 -0.801841  0.476969 0.278369 -0.873680
0.476969 0.278369 -0.873680  0.711111 0.278369 -0.801841  0.702144 0.166201 -0.779452
0.711111 0.278369 -0.801841  0.773599 0.164136 -0.584191  0.702144 0.166201 -0.779452
0.454034 0.896945 -0.839426  0.465376 1.109487 -0.778743  0.748973 0.881122 -0.751650
0.465376 1.109487 -0.778743  0.726384 1.111757 -0.712118  0.748973 0.881122 -0.751650
0.726384 1.111757 -0.712118  0.863254 0.860362 -0.486870  0.748973 0.881122 -0.751650
0.748973 0.881122 -0.751650  0.863254 0.860362 -0.486870  0.711111 0.278369 -0.801841
0.863254 0.860362 -0.486870  0.792693 0.278369 -0.588608  0.711111 0.278369 -0.801841
0.711111 0.278369 -0.801841  0.792693 0.278369 -0.588608  0.773599 0.164136 -0.584191
0.792693 0.278369 -0.588608  0.717744 0.163116 -0.333477  0.773599 0.164136 -0.584191
0.465376 1.109487 -0.778743  0.465376 1.336458 -0.830108  0.726384 1.111757 -0.712118
0.789323 0.818167 -0.241709  0.739817 0.278369 -0.328610  0.792693 0.278369 -0.588608
0.792693 0.278369 -0.588608  0.739817 0.278369 -0.328610  0.717744 0.163116 -0.333477
0.739817 0.278369 -0.328610  0.594100 0.164270 -0.307590  0.717744 0.163116 -0.333477
0.594100 0.164270 -0.307590  0.599972 -0.001116 -0.216984  0.717744 0.163116 -0.333477
0.599972 -0.001116 -0.216984  0.762092 -0.001130 -0.309224  0.717744 0.163116 -0.333477
0.717744 0.163116 -0.333477  0.762092 -0.001130 -0.309224  0.773599 0.164136 -0.584191
0.762092 -0.001130 -0.309224  0.820443 -0.001118 -0.550778  0.773599 0.164136 -0.584191
0.773599 0.164136 -0.584191  0.820443 -0.001118 -0.550778  0.702144 0.166201 -0.779452
0.820443 -0.001118 -0.550778  0.726384 -0.001092 -0.741893  0.702144 0.166201 -0.779452
0.702144 0.166201 -0.779452  0.726384 -0.001092 -0.741893  0.485927 0.161306 -0.844175
0.726384 -0.001092 -0.741893  0.465376 -0.001052 -0.806569  0.485927 0.161306 -0.844175
0.632878 1.871965 -1.176920  0.758655 2.005441 -1.104468  0.726384 1.347436 -0.756519
0.758655 2.005441 -1.104468  0.830212 1.381986 -0.480015  0.726384 1.347436 -0.756519
0.726384 1.347436 -0.756519  0.830212 1.381986 -0.480015  0.830212 1.111164 -0.456060
0.830212 1.381986 -0.480015  0.762092 1.109618 -0.213012  0.830212 1.111164 -0.456060
0.830212 1.111164 -0.456060  0.762092 1.109618 -0.213012  0.789323 0.818167 -0.241709
0.762092 1.109618 -0.213012  0.606127 0.797887 -0.185397  0.789323 0.818167 -0.241709
0.789323 0.818167 -0.241709  0.606127 0.797887 -0.185397  0.739817 0.278369 -0.328610
0.606127 0.797887 -0.185397  0.596837 0.278369 -0.287090  0.739817 0.278369 -0.328610
0.739817 0.278369 -0.328610  0.596837 0.278369 -0.287090  0.594100 0.164270 -0.307590
0.830212 1.381986 -0.480015  0.748512 1.422004 -0.189063  0.762092 1.109618 -0.213012
0.606127 0.797887 -0.185397  0.762092 1.109618 -0.213012  0.598747 1.104002 -0.155135
0.762092 1.109618 -0.213012  0.748512 1.422004 -0.189063  0.598747 1.104002 -0.155135
0.598747 1.104002 -0.155135  0.748512 1.422004 -0.189063  0.681552 1.448673 -0.115665
0.681552 1.448673 -0.115665  0.748512 1.422004 -0.189063  0.851198 2.194196 -0.068007
0.851198 2.194196 -0.068007  0.748512 1.422004 -0.189063  0.907125 2.372727 -0.223410
0.748512 1.422004 -0.189063  0.830212 1.381986 -0.480015  0.907125 2.372727 -0.223410
0.907125 2.372727 -0.223410  0.830212 1.381986 -0.480015  0.930853 2.170449 -0.713022
0.830212 1.381986 -0.480015  0.758655 2.005441 -1.104468  0.930853 2.170449 -0.713022
0.930853 2.170449 -0.713022  0.758655 2.005441 -1.104468  0.652644 2.766382 -1.442075
0.652644 2.766382 -1.442075  0.758655 2.005441 -1.104468  0.587556 2.019324 -1.400523
0.758655 2.005441 -1.104468  0.632878 1.871965 -1.176920  0.587556 2.019324 -1.400523
0.587556 2.019324 -1.400523  0.632878 1.871965 -1.176920  0.465376 1.336458 -0.830108
0.632878 1.871965 -1.176920  0.726384 1.347436 -0.756519  0.465376 1.336458 -0.830108
0.465376 1.336458 -0.830108  0.726384 1.347436 -0.756519  0.726384 1.111757 -0.712118
0.726384 1.347436 -0.756519  0.830212 1.111164 -0.456060  0.726384 1.111757 -0.712118
0.726384 1.111757 -0.712118  0.830212 1.111164 -0.456060  0.863254 0.860362 -0.486870
0.830212 1.111164 -0.456060  0.789323 0.818167 -0.241709  0.863254 0.860362 -0.486870
0.863254 0.860362 -0.486870  0.789323 0.818167 -0.241709  0.792693 0.278369 -0.588608
0.652644 2.766382 -1.442075  0.731174 3.080968 -0.987884  0.930853 2.170449 -0.713022
0.930853 2.170449 -0.713022  0.731174 3.080968 -0.987884  0.907125 2.372727 -0.223410
0.731174 3.080968 -0.987884  0.730942 3.153152 -0.533055  0.907125 2.372727 -0.223410
0.730942 3.153152 -0.533055  0.747778 2.868587 -0.158639  0.907125 2.372727 -0.223410
0.907125 2.372727 -0.223410  0.747778 2.868587 -0.158639  0.851198 2.194196 -0.068007
0.399894 0.278369 -0.379563  0.365382 0.832605 -0.293033  0.317490 0.278369 -0.536808
0.412006 0.158628 -0.389561  0.399894 0.278369 -0.379563  0.332382 0.169502 -0.527354
0.399894 0.278369 -0.379563  0.317490 0.278369 -0.536808  0.332382 0.169502 -0.527354
0.317490 0.278369 -0.536808  0.326828 0.278369 -0.736194  0.332382 0.169502 -0.527354
0.332382 0.169502 -0.527354  0.326828 0.278369 -0.736194  0.341606 0.163065 -0.717076
0.563664 1.752442 -0.130483  0.424196 1.405515 -0.264066  0.681552 1.448673 -0.115665
0.424196 1.405515 -0.264066  0.386923 1.111480 -0.261462  0.681552 1.448673 -0.115665
0.681552 1.448673 -0.115665  0.386923 1.111480 -0.261462  0.598747 1.104002 -0.155135
0.386923 1.111480 -0.261462  0.365382 0.832605 -0.293033  0.598747 1.104002 -0.155135
0.598747 1.104002 -0.155135  0.365382 0.832605 -0.293033  0.606127 0.797887 -0.185397
0.606127 0.797887 -0.185397  0.365382 0.832605 -0.293033  0.596837 0.278369 -0.287090
0.365382 0.832605 -0.293033  0.399894 0.278369 -0.379563  0.596837 0.278369 -0.287090
0.596837 0.278369 -0.287090  0.399894 0.278369 -0.379563  0.594100 0.164270 -0.307590
0.399894 0.278369 -0.379563  0.412006 0.158628 -0.389561  0.594100 0.164270 -0.307590
0.594100 0.164270 -0.307590  0.412006 0.158628 -0.389561  0.386567 -0.001121 -0.316145
0.386567 -0.001121 -0.316145  0.412006 0.158628 -0.389561  0.293763 -0.001157 -0.520017
0.412006 0.158628 -0.389561  0.332382 0.169502 -0.527354  0.293763 -0.001157 -0.520017
0.293763 -0.001157 -0.520017  0.332382 0.169502 -0.527354  0.304554 -0.001132 -0.655089
0.332382 0.169502 -0.527354  0.341606 0.163065 -0.717076  0.304554 -0.001132 -0.655089
0.304554 -0.001132 -0.655089  0.341606 0.163065 -0.717076  0.465376 -0.001052 -0.806569
0.465376 -0.001052 -0.806569  0.341606 0.163065 -0.717076  0.485927 0.161306 -0.844175
0.485927 0.161306 -0.844175  0.341606 0.163065 -0.717076  0.476969 0.278369 -0.873680
0.341606 0.163065 -0.717076  0.326828 0.278369 -0.736194  0.476969 0.278369 -0.873680
0.386567 -0.001121 -0.316145  0.599972 -0.001116 -0.216984  0.594100 0.164270 -0.307590
0.563664 1.752442 -0.130483  0.305570 1.772202 -0.492589  0.424196 1.405515 -0.264066
0.851198 2.194196 -0.068007  0.563664 1.752442 -0.130483  0.681552 1.448673 -0.115665
0.476969 0.278369 -0.873680  0.326828 0.278369 -0.736194  0.272305 0.872492 -0.674909
0.326828 0.278369 -0.736194  0.317490 0.278369 -0.536808  0.272305 0.872492 -0.674909
0.272305 0.872492 -0.674909  0.317490 0.278369 -0.536808  0.260110 0.851354 -0.425506
0.317490 0.278369 -0.536808  0.365382 0.832605 -0.293033  0.260110 0.851354 -0.425506
0.365382 0.832605 -0.293033  0.386923 1.111480 -0.261462  0.260110 0.851354 -0.425506
0.260110 0.851354 -0.425506  0.386923 1.111480 -0.261462  0.293763 1.107117 -0.398514
0.386923 1.111480 -0.261462  0.424196 1.405515 -0.264066  0.293763 1.107117 -0.398514
0.293763 1.107117 -0.398514  0.424196 1.405515 -0.264066  0.293763 1.398665 -0.427864
0.424196 1.405515 -0.264066  0.305570 1.772202 -0.492589  0.293763 1.398665 -0.427864
0.305570 1.772202 -0.492589  0.371284 1.816117 -0.898248  0.293763 1.398665 -0.427864
0.293763 1.398665 -0.427864  0.371284 1.816117 -0.898248  0.304554 1.357214 -0.676957
0.371284 1.816117 -0.898248  0.587556 2.019324 -1.400523  0.304554 1.357214 -0.676957
0.587556 2.019324 -1.400523  0.465376 1.336458 -0.830108  0.304554 1.357214 -0.676957
0.465376 1.336458 -0.830108  0.465376 1.109487 -0.778743  0.304554 1.357214 -0.676957
0.304554 1.357214 -0.676957  0.465376 1.109487 -0.778743  0.304554 1.111593 -0.638426
0.465376 1.109487 -0.778743  0.454034 0.896945 -0.839426  0.304554 1.111593 -0.638426
0.304554 1.111593 -0.638426  0.454034 0.896945 -0.839426  0.272305 0.872492 -0.674909
0.454034 0.896945 -0.839426  0.476969 0.278369 -0.873680  0.272305 0.872492 -0.674909
0.304554 1.357214 -0.676957  0.304554 1.111593 -0.638426  0.293763 1.398665 -0.427864
0.293763 1.398665 -0.427864  0.304554 1.111593 -0.638426  0.293763 1.107117 -0.398514
0.304554 1.111593 -0.638426  0.272305 0.872492 -0.674909  0.293763 1.107117 -0.398514
0.293763 1.107117 -0.398514  0.272305 0.872492 -0.674909  0.260110 0.851354 -0.425506
-0.152302 5.003401 5.246176  -0.233542 5.161792 5.227868  -0.181322 4.883985 5.028268
-0.233542 5.161792 5.227868  -0.250160 5.125292 4.949498  -0.181322 4.883985 5.028268
-0.250160 5.125292 4.949498  -0.206423 4.540714 4.509886  -0.181322 4.883985 5.028268
-0.181322 4.883985 5.028268  -0.206423 4.540714 4.509886  0.000552 4.812404 5.091237
0.000552 4.812404 5.091237  -0.206423 4.540714 4.509886  0.000552 4.475718 4.577967
-0.206423 4.540714 4.509886  0.000552 4.008721 4.094915  0.000552 4.475718 4.577967
-0.181322 4.883985 5.028268  0.000552 4.812404 5.091237  -0.152302 5.003401 5.246176
0.000552 4.812404 5.091237  0.000552 4.914868 5.258829  -0.152302 5.003401 5.246176
0.000552 2.878001 3.167421  0.000552 3.383486 3.631074  -0.224203 3.440726 3.528407
0.000552 3.383486 3.631074  0.000552 4.008721 4.094915  -0.224203 3.440726 3.528407
-0.224203 3.440726 3.528407  0.000552 4.008721 4.094915  -0.183040 4.045682 4.003178
0.000552 4.008721 4.094915  -0.206423 4.540714 4.509886  -0.183040 4.045682 4.003178
-0.183040 4.045682 4.003178  -0.206423 4.540714 4.509886  -0.289428 4.733595 4.405621
-0.206423 4.540714 4.509886  -0.250160 5.125292 4.949498  -0.289428 4.733595 4.405621
-0.289428 4.733595 4.405621  -0.250160 5.125292 4.949498  -0.196996 4.976019 4.238120
-0.196996 4.976019 4.238120  -0.250160 5.125292 4.949498  -0.160292 5.301034 4.863410
-0.160292 5.301034 4.863410  -0.250160 5.125292 4.949498  -0.143613 5.363868 5.187682
-0.250160 5.125292 4.949498  -0.233542 5.161792 5.227868  -0.143613 5.363868 5.187682
-0.143613 5.363868 5.187682  -0.233542 5.161792 5.227868  -0.194012 5.343316 5.252961
-0.194012 5.343316 5.252961  -0.233542 5.161792 5.227868  -0.229354 5.168332 5.290733
-0.233542 5.161792 5.227868  -0.152302 5.003401 5.246176  -0.229354 5.168332 5.290733
-0.229354 5.168332 5.290733  -0.152302 5.003401 5.246176  -0.225866 5.060486 5.300586
-0.225866 5.060486 5.300586  -0.152302 5.003401 5.246176  -0.207610 5.004085 5.305796
-0.152302 5.003401 5.246176  0.000552 4.914868 5.258829  -0.207610 5.004085 5.305796
-0.207610 5.004085 5.305796  0.000552 4.914868 5.258829  -0.075043 4.936242 5.304269
0.000552 4.914868 5.258829  0.000552 4.900849 5.331255  -0.075043 4.936242 5.304269
-0.111289 5.466691 5.236292  -0.143613 5.363868 5.187682  -0.194012 5.343316 5.252961
-0.224203 3.440726 3.528407  -0.183040 4.045682 4.003178  -0.338169 4.261584 3.871478
-0.183040 4.045682 4.003178  -0.289428 4.733595 4.405621  -0.338169 4.261584 3.871478
-0.289428 4.733595 4.405621  -0.196996 4.976019 4.238120  -0.338169 4.261584 3.871478
-0.338169 4.261584 3.871478  -0.196996 4.976019 4.238120  -0.216043 4.536878 3.730591
-0.111289 5.466691 5.236292  0.000552 5.479409 5.133626  -0.143613 5.363868 5.187682
-0.143613 5.363868 5.187682  0.000552 5.479409 5.133626  -0.160292 5.301034 4.863410
0.000552 5.479409 5.133626  0.000552 5.400992 4.782372  -0.160292 5.301034 4.863410
-0.160292 5.301034 4.863410  0.000552 5.400992 4.782372  -0.196996 4.976019 4.238120
0.000552 5.400992 4.782372  0.000552 5.043509 4.124326  -0.196996 4.976019 4.238120
0.000552 5.043509 4.124326  0.000552 4.489470 3.617351  -0.196996 4.976019 4.238120
-0.196996 4.976019 4.238120  0.000552 4.489470 3.617351  -0.216043 4.536878 3.730591
0.000552 4.489470 3.617351  -0.267103 4.065968 3.236672  -0.216043 4.536878 3.730591
-0.216043 4.536878 3.730591  -0.267103 4.065968 3.236672  -0.338169 4.261584 3.871478
-0.267103 4.065968 3.236672  -0.390961 3.699578 3.394559  -0.338169 4.261584 3.871478
-0.338169 4.261584 3.871478  -0.390961 3.699578 3.394559  -0.224203 3.440726 3.528407
-0.390961 3.699578 3.394559  -0.439991 3.304172 3.060057  -0.224203 3.440726 3.528407
-0.224203 3.440726 3.528407  -0.439991 3.304172 3.060057  -0.274691 2.983271 3.106120
-0.439991 3.304172 3.060057  -0.498458 2.840624 2.561066  -0.274691 2.983271 3.106120
-0.498458 2.840624 2.561066  -0.304614 2.494510 2.611460  -0.274691 2.983271 3.106120
-0.304614 2.494510 2.611460  0.000552 2.359951 2.650165  -0.274691 2.983271 3.106120
0.000552 2.359951 2.650165  0.000552 2.878001 3.167421  -0.274691 2.983271 3.106120
-0.274691 2.983271 3.106120  0.000552 2.878001 3.167421  -0.224203 3.440726 3.528407
0.000552 5.486832 5.238995  0.000552 5.479409 5.133626  -0.111289 5.466691 5.236292
0.000552 3.896750 2.720039  -0.267103 4.065968 3.236672  0.000552 4.092392 3.113254
0.000552 4.092392 3.113254  -0.267103 4.065968 3.236672  0.000552 4.489470 3.617351
0.000552 3.748950 2.306868  -0.199163 3.698361 2.310002  0.000552 3.896750 2.720039
0.000552 3.896750 2.720039  -0.199163 3.698361 2.310002  -0.305037 3.702707 2.902936
-0.199163 3.698361 2.310002  -0.378969 3.428133 2.524049  -0.305037 3.702707 2.902936
-0.378969 3.428133 2.524049  -0.498458 2.840624 2.561066  -0.305037 3.702707 2.902936
-0.498458 2.840624 2.561066  -0.439991 3.304172 3.060057  -0.305037 3.702707 2.902936
-0.439991 3.304172 3.060057  -0.267103 4.065968 3.236672  -0.305037 3.702707 2.902936
-0.305037 3.702707 2.902936  -0.267103 4.065968 3.236672  0.000552 3.896750 2.720039
0.000552 3.586591 -0.979800  0.000552 3.669493 -0.519806  0.246239 3.505981 -0.937073
0.000552 3.917003 0.016051  0.263016 3.631801 -0.488249  0.000552 3.669493 -0.519806
0.000552 3.669493 -0.519806  0.263016 3.631801 -0.488249  0.246239 3.505981 -0.937073
0.263016 3.631801 -0.488249  0.482437 3.501949 -0.395424  0.246239 3.505981 -0.937073
0.263016 3.631801 -0.488249  0.000552 3.917003 0.016051  0.272518 3.855298 0.027048
0.272518 3.855298 0.027048  0.000552 3.917003 0.016051  0.195310 3.959343 0.551139
0.000552 3.917003 0.016051  0.000552 4.021425 0.509669  0.195310 3.959343 0.551139
0.195310 3.959343 0.551139  0.000552 4.021425 0.509669  0.000552 4.022136 1.016413
0.499563 2.840624 2.561066  0.588751 3.358477 2.206042  0.380073 3.428133 2.524049
0.588751 3.358477 2.206042  0.230854 3.791199 2.045722  0.380073 3.428133 2.524049
0.380073 3.428133 2.524049  0.230854 3.791199 2.045722  0.200267 3.698361 2.310002
0.200267 3.698361 2.310002  0.230854 3.791199 2.045722  0.000552 3.748950 2.306868
0.000552 3.748950 2.306868  0.230854 3.791199 2.045722  0.000552 3.816275 2.014268
0.000552 3.816275 2.014268  0.230854 3.791199 2.045722  0.000552 3.963575 1.494545
0.230854 3.791199 2.045722  0.212763 3.919397 1.523671  0.000552 3.963575 1.494545
0.000552 3.963575 1.494545  0.212763 3.919397 1.523671  0.000552 4.022136 1.016413
0.212763 3.919397 1.523671  0.219392 3.978253 1.038817  0.000552 4.022136 1.016413
0.000552 4.022136 1.016413  0.219392 3.978253 1.038817  0.195310 3.959343 0.551139
0.219392 3.978253 1.038817  0.374916 3.802570 0.592902  0.195310 3.959343 0.551139
0.195310 3.959343 0.551139  0.374916 3.802570 0.592902  0.272518 3.855298 0.027048
0.374916 3.802570 0.592902  0.426518 3.736967 0.097263  0.272518 3.855298 0.027048
0.426518 3.736967 0.097263  0.482437 3.501949 -0.395424  0.272518 3.855298 0.027048
0.272518 3.855298 0.027048  0.482437 3.501949 -0.395424  0.263016 3.631801 -0.488249
0.374916 3.802570 0.592902  0.219392 3.978253 1.038817  0.437651 3.645169 1.201238
0.437651 3.645169 1.201238  0.219392 3.978253 1.038817  0.575885 3.487090 1.715118
0.219392 3.978253 1.038817  0.212763 3.919397 1.523671  0.575885 3.487090 1.715118
0.575885 3.487090 1.715118  0.212763 3.919397 1.523671  0.588751 3.358477 2.206042
0.212763 3.919397 1.523671  0.230854 3.791199 2.045722  0.588751 3.358477 2.206042
0.000552 3.420278 -1.478247  0.000552 3.586591 -0.979800  0.250037 3.340732 -1.479506
0.000552 3.586591 -0.979800  0.246239 3.505981 -0.937073  0.250037 3.340732 -1.479506
0.250037 3.340732 -1.479506  0.246239 3.505981 -0.937073  0.731174 3.080968 -0.987884
0.731174 3.080968 -0.987884  0.246239 3.505981 -0.937073  0.730942 3.153152 -0.533055
0.246239 3.505981 -0.937073  0.482437 3.501949 -0.395424  0.730942 3.153152 -0.533055
0.730942 3.153152 -0.533055  0.482437 3.501949 -0.395424  0.714108 3.220790 -0.250340
0.482437 3.501949 -0.395424  0.426518 3.736967 0.097263  0.714108 3.220790 -0.250340
0.714108 3.220790 -0.250340  0.426518 3.736967 0.097263  0.724812 3.283939 0.276013
0.426518 3.736967 0.097263  0.374916 3.802570 0.592902  0.724812 3.283939 0.276013
0.724812 3.283939 0.276013  0.374916 3.802570 0.592902  0.779069 3.237831 0.758569
0.374916 3.802570 0.592902  0.437651 3.645169 1.201238  0.779069 3.237831 0.758569
0.779069 3.237831 0.758569  0.437651 3.645169 1.201238  0.722823 3.096043 1.397629
0.722823 3.096043 1.397629  0.437651 3.645169 1.201238  0.762031 3.202801 1.753953
0.437651 3.645169 1.201238  0.575885 3.487090 1.715118  0.762031 3.202801 1.753953
0.762031 3.202801 1.753953  0.575885 3.487090 1.715118  0.667408 3.153716 2.147183
0.575885 3.487090 1.715118  0.588751 3.358477 2.206042  0.667408 3.153716 2.147183
0.667408 3.153716 2.147183  0.588751 3.358477 2.206042  0.647415 2.782905 2.427978
0.647415 2.782905 2.427978  0.588751 3.358477 2.206042  0.499563 2.840624 2.561066
0.652644 2.766382 -1.442075  0.250037 3.340732 -1.479506  0.731174 3.080968 -0.987884
0.305570 1.772202 -0.492589  0.563664 1.752442 -0.130483  0.355662 1.553334 -0.135355
0.563664 1.752442 -0.130483  0.722045 1.618238 0.446802  0.355662 1.553334 -0.135355
0.355662 1.553334 -0.135355  0.722045 1.618238 0.446802  0.372057 1.475533 0.383932
0.372057 1.475533 0.383932  0.722045 1.618238 0.446802  0.304464 1.482425 1.153166
0.722045 1.618238 0.446802  0.655725 1.631604 1.227791  0.304464 1.482425 1.153166
0.304464 1.482425 1.153166  0.655725 1.631604 1.227791  0.336721 1.683378 1.613598
0.336721 1.683378 1.613598  0.655725 1.631604 1.227791  0.503481 1.938029 1.581293
0.503481 1.938029 1.581293  0.655725 1.631604 1.227791  0.916275 2.095121 1.357544
0.655725 1.631604 1.227791  0.983473 2.181423 0.643922  0.916275 2.095121 1.357544
0.916275 2.095121 1.357544  0.983473 2.181423 0.643922  0.722823 3.096043 1.397629
0.722823 3.096043 1.397629  0.983473 2.181423 0.643922  0.779069 3.237831 0.758569
0.983473 2.181423 0.643922  0.922750 2.408916 0.118200  0.779069 3.237831 0.758569
0.779069 3.237831 0.758569  0.922750 2.408916 0.118200  0.724812 3.283939 0.276013
0.922750 2.408916 0.118200  0.747778 2.868587 -0.158639  0.724812 3.283939 0.276013
0.724812 3.283939 0.276013  0.747778 2.868587 -0.158639  0.714108 3.220790 -0.250340
0.747778 2.868587 -0.158639  0.730942 3.153152 -0.533055  0.714108 3.220790 -0.250340
0.747778 2.868587 -0.158639  0.922750 2.408916 0.118200  0.851198 2.194196 -0.068007
0.851198 2.194196 -0.068007  0.922750 2.408916 0.118200  0.563664 1.752442 -0.130483
0.922750 2.408916 0.118200  0.983473 2.181423 0.643922  0.563664 1.752442 -0.130483
0.563664 1.752442 -0.130483  0.983473 2.181423 0.643922  0.722045 1.618238 0.446802
0.722045 1.618238 0.446802  0.983473 2.181423 0.643922  0.655725 1.631604 1.227791
0.000552 1.606855 -1.400788  0.215629 1.717628 -1.399162  0.000552 1.518757 -0.919755
0.000552 1.518757 -0.919755  0.215629 1.717628 -1.399162  0.236953 1.599002 -0.910583
0.215629 1.717628 -1.399162  0.439108 1.862425 -1.381354  0.236953 1.599002 -0.910583
0.236953 1.599002 -0.910583  0.439108 1.862425 -1.381354  0.346676 1.722461 -0.906221
0.439108 1.862425 -1.381354  0.587556 2.019324 -1.400523  0.346676 1.722461 -0.906221
0.587556 2.019324 -1.400523  0.371284 1.816117 -0.898248  0.346676 1.722461 -0.906221
0.371284 1.816117 -0.898248  0.305570 1.772202 -0.492589  0.346676 1.722461 -0.906221
0.346676 1.722461 -0.906221  0.305570 1.772202 -0.492589  0.270575 1.639262 -0.482077
0.305570 1.772202 -0.492589  0.355662 1.553334 -0.135355  0.270575 1.639262 -0.482077
0.270575 1.639262 -0.482077  0.355662 1.553334 -0.135355  0.000552 1.464711 -0.138564
0.355662 1.553334 -0.135355  0.372057 1.475533 0.383932  0.000552 1.464711 -0.138564
0.000552 1.464711 -0.138564  0.372057 1.475533 0.383932  0.000552 1.386762 0.372345
0.000552 1.386762 0.372345  0.372057 1.475533 0.383932  0.000552 1.433362 1.129957
0.372057 1.475533 0.383932  0.304464 1.482425 1.153166  0.000552 1.433362 1.129957
0.000552 1.433362 1.129957  0.304464 1.482425 1.153166  0.245440 1.573214 1.616478
0.304464 1.482425 1.153166  0.336721 1.683378 1.613598  0.245440 1.573214 1.616478
0.336721 1.683378 1.613598  0.176915 1.735079 2.160992  0.245440 1.573214 1.616478
0.245440 1.573214 1.616478  0.176915 1.735079 2.160992  0.000552 1.502810 1.616589
0.000552 1.433362 1.129957  0.245440 1.573214 1.616478  0.000552 1.502810 1.616589
0.346676 1.722461 -0.906221  0.270575 1.639262 -0.482077  0.236953 1.599002 -0.910583
0.236953 1.599002 -0.910583  0.270575 1.639262 -0.482077  0.000552 1.518757 -0.919755
0.000552 1.518757 -0.919755  0.270575 1.639262 -0.482077  0.000552 1.577617 -0.479258
0.270575 1.639262 -0.482077  0.000552 1.464711 -0.138564  0.000552 1.577617 -0.479258
0.176915 1.735079 2.160992  0.359958 2.133327 2.408684  0.183083 2.052655 2.508585
0.000552 1.502810 1.616589  0.176915 1.735079 2.160992  0.000552 1.730403 2.188779
0.176915 1.735079 2.160992  0.183083 2.052655 2.508585  0.000552 1.730403 2.188779
0.000552 1.730403 2.188779  0.183083 2.052655 2.508585  0.000552 1.962465 2.548237
0.000552 1.962465 2.548237  0.183083 2.052655 2.508585  0.000552 2.359951 2.650165
0.000552 2.359951 2.650165  0.183083 2.052655 2.508585  0.305719 2.494510 2.611460
0.183083 2.052655 2.508585  0.359958 2.133327 2.408684  0.305719 2.494510 2.611460
0.359958 2.133327 2.408684  0.647415 2.782905 2.427978  0.305719 2.494510 2.611460
0.305719 2.494510 2.611460  0.647415 2.782905 2.427978  0.499563 2.840624 2.561066
-0.765843 2.704340 2.391857  -0.918505 2.614177 2.030977  -0.738904 2.200329 2.399601
-0.412105 1.641245 2.250551  -0.730813 1.676906 2.158320  -0.445952 1.320149 2.155970
-0.445952 1.320149 2.155970  -0.730813 1.676906 2.158320  -0.720890 1.315145 2.049565
-0.720890 1.315145 2.049565  -0.730813 1.676906 2.158320  -0.814427 1.696200 1.978590
-0.730813 1.676906 2.158320  -0.920869 2.103670 1.995459  -0.814427 1.696200 1.978590
-0.814427 1.696200 1.978590  -0.920869 2.103670 1.995459  -0.735024 1.952889 1.605022
-0.920869 2.103670 1.995459  -0.899257 2.332728 1.511125  -0.735024 1.952889 1.605022
-0.735024 1.952889 1.605022  -0.899257 2.332728 1.511125  -0.502376 1.938029 1.581293
-0.502376 1.938029 1.581293  -0.899257 2.332728 1.511125  -0.915170 2.095121 1.357544
-0.915170 2.095121 1.357544  -0.899257 2.332728 1.511125  -0.721718 3.096043 1.397629
-0.899257 2.332728 1.511125  -0.918505 2.614177 2.030977  -0.721718 3.096043 1.397629
-0.721718 3.096043 1.397629  -0.918505 2.614177 2.030977  -0.760926 3.202801 1.753953
-0.918505 2.614177 2.030977  -0.765843 2.704340 2.391857  -0.760926 3.202801 1.753953
-0.760926 3.202801 1.753953  -0.765843 2.704340 2.391857  -0.666303 3.153716 2.147183
-0.666303 3.153716 2.147183  -0.765843 2.704340 2.391857  -0.646310 2.782905 2.427978
-0.646310 2.782905 2.427978  -0.765843 2.704340 2.391857  -0.358853 2.133327 2.408684
-0.765843 2.704340 2.391857  -0.738904 2.200329 2.399601  -0.358853 2.133327 2.408684
-0.358853 2.133327 2.408684  -0.738904 2.200329 2.399601  -0.412105 1.641245 2.250551
-0.412105 1.641245 2.250551  -0.738904 2.200329 2.399601  -0.730813 1.676906 2.158320
-0.730813 1.676906 2.158320  -0.738904 2.200329 2.399601  -0.920869 2.103670 1.995459
-0.738904 2.200329 2.399601  -0.918505 2.614177 2.030977  -0.920869 2.103670 1.995459
-0.920869 2.103670 1.995459  -0.918505 2.614177 2.030977  -0.899257 2.332728 1.511125
-0.445952 1.320149 2.155970  -0.720890 1.315145 2.049565  -0.463477 1.049836 2.182088
-0.765880 0.297817 1.966924  -0.757163 0.117327 1.999082  -0.693628 0.317458 2.158702
-0.693628 0.317458 2.158702  -0.757163 0.117327 1.999082  -0.703542 0.130832 2.188087
-0.757163 0.117327 1.999082  -0.801460 0.000563 2.033932  -0.703542 0.130832 2.188087
-0.801460 0.000563 2.033932  -0.760016 0.000564 2.266255  -0.703542 0.130832 2.188087
-0.760016 0.000564 2.266255  -0.471014 0.000564 2.349052  -0.703542 0.130832 2.188087
-0.471014 0.000564 2.349052  -0.476765 0.149236 2.281504  -0.703542 0.130832 2.188087
-0.476765 0.149236 2.281504  -0.472476 0.329194 2.255402  -0.703542 0.130832 2.188087
-0.703542 0.130832 2.188087  -0.472476 0.329194 2.255402  -0.693628 0.317458 2.158702
-0.472476 0.329194 2.255402  -0.463477 1.049836 2.182088  -0.693628 0.317458 2.158702
-0.693628 0.317458 2.158702  -0.463477 1.049836 2.182088  -0.712168 1.031432 2.064795
-0.463477 1.049836 2.182088  -0.720890 1.315145 2.049565  -0.712168 1.031432 2.064795
-0.712168 1.031432 2.064795  -0.720890 1.315145 2.049565  -0.779972 1.321030 1.829836
-0.720890 1.315145 2.049565  -0.814427 1.696200 1.978590  -0.779972 1.321030 1.829836
-0.779972 1.321030 1.829836  -0.814427 1.696200 1.978590  -0.687553 1.739834 1.675618
-0.814427 1.696200 1.978590  -0.735024 1.952889 1.605022  -0.687553 1.739834 1.675618
-0.735024 1.952889 1.605022  -0.502376 1.938029 1.581293  -0.687553 1.739834 1.675618
-0.502376 1.938029 1.581293  -0.335616 1.683378 1.613598  -0.687553 1.739834 1.675618
-0.687553 1.739834 1.675618  -0.335616 1.683378 1.613598  -0.669610 1.331250 1.599660
-0.693628 0.317458 2.158702  -0.712168 1.031432 2.064795  -0.765880 0.297817 1.966924
-0.765880 0.297817 1.966924  -0.712168 1.031432 2.064795  -0.802069 1.019486 1.817499
-0.712168 1.031432 2.064795  -0.779972 1.321030 1.829836  -0.802069 1.019486 1.817499
-0.335616 1.683378 1.613598  -0.470116 1.352374 1.561727  -0.669610 1.331250 1.599660
-0.669610 1.331250 1.599660  -0.470116 1.352374 1.561727  -0.689877 1.009645 1.645457
-0.470116 1.352374 1.561727  -0.462454 1.011042 1.573822  -0.689877 1.009645 1.645457
-0.462454 1.011042 1.573822  -0.470766 0.267801 1.749518  -0.689877 1.009645 1.645457
-0.689877 1.009645 1.645457  -0.470766 0.267801 1.749518  -0.669626 0.273595 1.797257
-0.470766 0.267801 1.749518  -0.475950 0.110443 1.784173  -0.669626 0.273595 1.797257
-0.669626 0.273595 1.797257  -0.475950 0.110443 1.784173  -0.657003 0.097430 1.818932
-0.475950 0.110443 1.784173  -0.669610 0.000562 1.815088  -0.657003 0.097430 1.818932
-0.669610 0.000562 1.815088  -0.801460 0.000563 2.033932  -0.657003 0.097430 1.818932
-0.801460 0.000563 2.033932  -0.757163 0.117327 1.999082  -0.657003 0.097430 1.818932
-0.757163 0.117327 1.999082  -0.765880 0.297817 1.966924  -0.657003 0.097430 1.818932
-0.657003 0.097430 1.818932  -0.765880 0.297817 1.966924  -0.669626 0.273595 1.797257
-0.765880 0.297817 1.966924  -0.802069 1.019486 1.817499  -0.669626 0.273595 1.797257
-0.669626 0.273595 1.797257  -0.802069 1.019486 1.817499  -0.689877 1.009645 1.645457
-0.689877 1.009645 1.645457  -0.802069 1.019486 1.817499  -0.669610 1.331250 1.599660
-0.802069 1.019486 1.817499  -0.779972 1.321030 1.829836  -0.669610 1.331250 1.599660
-0.669610 1.331250 1.599660  -0.779972 1.321030 1.829836  -0.687553 1.739834 1.675618
-0.669610 0.000562 1.815088  -0.475950 0.110443 1.784173  -0.470117 0.000562 1.776862
-0.562559 1.752442 -0.130483  -0.850093 2.194196 -0.068007  -0.680447 1.448673 -0.115665
-0.331277 0.169502 -0.527354  -0.398789 0.278369 -0.379563  -0.410901 0.158628 -0.389561
-0.410901 0.158628 -0.389561  -0.398789 0.278369 -0.379563  -0.592995 0.164270 -0.307590
-0.592995 0.164270 -0.307590  -0.398789 0.278369 -0.379563  -0.595732 0.278369 -0.287090
-0.398789 0.278369 -0.379563  -0.364277 0.832605 -0.293033  -0.595732 0.278369 -0.287090
-0.595732 0.278369 -0.287090  -0.364277 0.832605 -0.293033  -0.605022 0.797887 -0.185397
-0.605022 0.797887 -0.185397  -0.364277 0.832605 -0.293033  -0.597642 1.104002 -0.155135
-0.364277 0.832605 -0.293033  -0.385818 1.111480 -0.261462  -0.597642 1.104002 -0.155135
-0.597642 1.104002 -0.155135  -0.385818 1.111480 -0.261462  -0.680447 1.448673 -0.115665
-0.385818 1.111480 -0.261462  -0.423091 1.405515 -0.264066  -0.680447 1.448673 -0.115665
-0.680447 1.448673 -0.115665  -0.423091 1.405515 -0.264066  -0.562559 1.752442 -0.130483
-0.423091 1.405515 -0.264066  -0.304465 1.772202 -0.492589  -0.562559 1.752442 -0.130483
-0.475864 0.278369 -0.873680  -0.325723 0.278369 -0.736194  -0.340501 0.163065 -0.717076
-0.325723 0.278369 -0.736194  -0.331277 0.169502 -0.527354  -0.340501 0.163065 -0.717076
-0.340501 0.163065 -0.717076  -0.331277 0.169502 -0.527354  -0.303450 -0.001132 -0.655089
-0.303450 -0.001132 -0.655089  -0.331277 0.169502 -0.527354  -0.292658 -0.001157 -0.520017
-0.331277 0.169502 -0.527354  -0.410901 0.158628 -0.389561  -0.292658 -0.001157 -0.520017
-0.292658 -0.001157 -0.520017  -0.410901 0.158628 -0.389561  -0.385462 -0.001122 -0.316145
-0.410901 0.158628 -0.389561  -0.592995 0.164270 -0.307590  -0.385462 -0.001122 -0.316145
-0.385462 -0.001122 -0.316145  -0.592995 0.164270 -0.307590  -0.598868 -0.001117 -0.216984
-0.303450 -0.001132 -0.655089  -0.464271 -0.001052 -0.806569  -0.340501 0.163065 -0.717076
-0.464271 -0.001052 -0.806569  -0.484822 0.161306 -0.844175  -0.340501 0.163065 -0.717076
-0.340501 0.163065 -0.717076  -0.484822 0.161306 -0.844175  -0.475864 0.278369 -0.873680
-0.331277 0.169502 -0.527354  -0.316385 0.278369 -0.536808  -0.398789 0.278369 -0.379563
-0.398789 0.278369 -0.379563  -0.316385 0.278369 -0.536808  -0.364277 0.832605 -0.293033
-0.316385 0.278369 -0.536808  -0.259005 0.851354 -0.425506  -0.364277 0.832605 -0.293033
-0.364277 0.832605 -0.293033  -0.259005 0.851354 -0.425506  -0.385818 1.111480 -0.261462
-0.259005 0.851354 -0.425506  -0.292658 1.107117 -0.398514  -0.385818 1.111480 -0.261462
-0.385818 1.111480 -0.261462  -0.292658 1.107117 -0.398514  -0.423091 1.405515 -0.264066
-0.292658 1.107117 -0.398514  -0.292658 1.398665 -0.427864  -0.423091 1.405515 -0.264066
-0.423091 1.405515 -0.264066  -0.292658 1.398665 -0.427864  -0.304465 1.772202 -0.492589
-0.304465 1.772202 -0.492589  -0.292658 1.398665 -0.427864  -0.370179 1.816117 -0.898248
-0.292658 1.398665 -0.427864  -0.303450 1.357214 -0.676957  -0.370179 1.816117 -0.898248
-0.370179 1.816117 -0.898248  -0.303450 1.357214 -0.676957  -0.586451 2.019324 -1.400523
-0.586451 2.019324 -1.400523  -0.303450 1.357214 -0.676957  -0.464271 1.336458 -0.830108
-0.464271 1.336458 -0.830108  -0.303450 1.357214 -0.676957  -0.464271 1.109487 -0.778743
-0.303450 1.357214 -0.676957  -0.303450 1.111593 -0.638426  -0.464271 1.109487 -0.778743
-0.464271 1.109487 -0.778743  -0.303450 1.111593 -0.638426  -0.452929 0.896945 -0.839426
-0.303450 1.111593 -0.638426  -0.271200 0.872492 -0.674909  -0.452929 0.896945 -0.839426
-0.452929 0.896945 -0.839426  -0.271200 0.872492 -0.674909  -0.475864 0.278369 -0.873680
-0.271200 0.872492 -0.674909  -0.325723 0.278369 -0.736194  -0.475864 0.278369 -0.873680
-0.331277 0.169502 -0.527354  -0.325723 0.278369 -0.736194  -0.316385 0.278369 -0.536808
-0.325723 0.278369 -0.736194  -0.271200 0.872492 -0.674909  -0.316385 0.278369 -0.536808
-0.316385 0.278369 -0.536808  -0.271200 0.872492 -0.674909  -0.259005 0.851354 -0.425506
-0.259005 0.851354 -0.425506  -0.271200 0.872492 -0.674909  -0.292658 1.107117 -0.398514
-0.271200 0.872492 -0.674909  -0.303450 1.111593 -0.638426  -0.292658 1.107117 -0.398514
-0.292658 1.107117 -0.398514  -0.303450 1.111593 -0.638426  -0.292658 1.398665 -0.427864
-0.303450 1.111593 -0.638426  -0.303450 1.357214 -0.676957  -0.292658 1.398665 -0.427864
0.000552 1.606855 -1.400788  0.000552 1.793294 -1.790560  0.215629 1.717628 -1.399162
0.587556 2.019324 -1.400523  0.439108 1.862425 -1.381354  0.332364 1.948963 -1.683704
0.439108 1.862425 -1.381354  0.215629 1.717628 -1.399162  0.332364 1.948963 -1.683704
0.215629 1.717628 -1.399162  0.000552 1.793294 -1.790560  0.332364 1.948963 -1.683704
0.332364 1.948963 -1.683704  0.000552 1.793294 -1.790560  0.000552 1.967124 -2.622216
0.652644 2.766382 -1.442075  0.587556 2.019324 -1.400523  0.514082 2.401875 -1.638451
0.587556 2.019324 -1.400523  0.332364 1.948963 -1.683704  0.514082 2.401875 -1.638451
0.514082 2.401875 -1.638451  0.332364 1.948963 -1.683704  0.284233 2.057041 -2.622683
0.332364 1.948963 -1.683704  0.000552 1.967124 -2.622216  0.284233 2.057041 -2.622683
0.284233 2.057041 -2.622683  0.000552 1.967124 -2.622216  0.000552 2.080204 -3.702443
0.373379 2.429843 -2.643842  0.514082 2.401875 -1.638451  0.284233 2.057041 -2.622683
0.000552 2.111003 -4.760281  0.165061 2.175725 -4.760688  0.000552 2.080204 -3.702443
0.165061 2.175725 -4.760688  0.193498 2.144839 -3.716150  0.000552 2.080204 -3.702443
0.000552 2.080204 -3.702443  0.193498 2.144839 -3.716150  0.284233 2.057041 -2.622683
0.193498 2.144839 -3.716150  0.269822 2.387042 -3.728422  0.284233 2.057041 -2.622683
0.284233 2.057041 -2.622683  0.269822 2.387042 -3.728422  0.373379 2.429843 -2.643842
0.269822 2.387042 -3.728422  0.263369 2.793097 -2.676047  0.373379 2.429843 -2.643842
0.373379 2.429843 -2.643842  0.263369 2.793097 -2.676047  0.514082 2.401875 -1.638451
0.263369 2.793097 -2.676047  0.437599 2.883147 -1.760703  0.514082 2.401875 -1.638451
0.514082 2.401875 -1.638451  0.437599 2.883147 -1.760703  0.652644 2.766382 -1.442075
0.652644 2.766382 -1.442075  0.437599 2.883147 -1.760703  0.250037 3.340732 -1.479506
0.437599 2.883147 -1.760703  0.213969 3.167115 -1.918260  0.250037 3.340732 -1.479506
0.250037 3.340732 -1.479506  0.213969 3.167115 -1.918260  0.000552 3.420278 -1.478247
0.000552 3.420278 -1.478247  0.213969 3.167115 -1.918260  0.000552 3.242713 -1.984212
0.000552 3.242713 -1.984212  0.213969 3.167115 -1.918260  0.000552 3.019722 -2.689079
0.213969 3.167115 -1.918260  0.121641 2.979397 -2.690728  0.000552 3.019722 -2.689079
0.000552 3.019722 -2.689079  0.121641 2.979397 -2.690728  0.000552 2.790893 -3.756095
0.121641 2.979397 -2.690728  0.263369 2.793097 -2.676047  0.000552 2.790893 -3.756095
0.000552 2.790893 -3.756095  0.263369 2.793097 -2.676047  0.196976 2.678532 -3.752289
0.437599 2.883147 -1.760703  0.263369 2.793097 -2.676047  0.213969 3.167115 -1.918260
0.213969 3.167115 -1.918260  0.263369 2.793097 -2.676047  0.121641 2.979397 -2.690728
0.211904 2.314180 -4.773313  0.269822 2.387042 -3.728422  0.165061 2.175725 -4.760688
0.269822 2.387042 -3.728422  0.193498 2.144839 -3.716150  0.165061 2.175725 -4.760688
0.000552 2.111003 -4.760281  0.000552 2.109879 -5.889095  0.165061 2.175725 -4.760688
0.000552 2.476168 -5.908930  0.000552 2.619115 -4.811286  0.128058 2.532828 -4.799326
0.000552 2.619115 -4.811286  0.000552 2.790893 -3.756095  0.128058 2.532828 -4.799326
0.128058 2.532828 -4.799326  0.000552 2.790893 -3.756095  0.196976 2.678532 -3.752289
0.263369 2.793097 -2.676047  0.269822 2.387042 -3.728422  0.196976 2.678532 -3.752289
0.196976 2.678532 -3.752289  0.269822 2.387042 -3.728422  0.128058 2.532828 -4.799326
0.269822 2.387042 -3.728422  0.211904 2.314180 -4.773313  0.128058 2.532828 -4.799326
0.128058 2.532828 -4.799326  0.211904 2.314180 -4.773313  0.171653 2.265038 -5.896939
0.211904 2.314180 -4.773313  0.165061 2.175725 -4.760688  0.171653 2.265038 -5.896939
0.171653 2.265038 -5.896939  0.165061 2.175725 -4.760688  0.140525 2.155125 -5.892625
0.165061 2.175725 -4.760688  0.000552 2.109879 -5.889095  0.140525 2.155125 -5.892625
0.140525 2.155125 -5.892625  0.000552 2.109879 -5.889095  0.079670 2.134157 -6.922204
0.000552 2.109879 -5.889095  0.000552 2.098167 -6.919286  0.079670 2.134157 -6.922204
0.000552 2.098167 -6.919286  0.000552 2.114693 -7.831267  0.079670 2.134157 -6.922204
0.079670 2.134157 -6.922204  0.000552 2.114693 -7.831267  0.141424 2.222075 -6.924824
0.000552 2.114693 -7.831267  0.090924 2.168457 -7.837990  0.141424 2.222075 -6.924824
0.141424 2.222075 -6.924824  0.090924 2.168457 -7.837990  0.070116 2.318600 -6.930327
0.090924 2.168457 -7.837990  0.000552 2.232652 -7.849864  0.070116 2.318600 -6.930327
0.000552 2.232652 -7.849864  0.000552 2.352145 -6.936471  0.070116 2.318600 -6.930327
0.000552 2.352145 -6.936471  0.000552 2.476168 -5.908930  0.070116 2.318600 -6.930327
0.070116 2.318600 -6.930327  0.000552 2.476168 -5.908930  0.102400 2.417709 -5.903493
0.000552 2.476168 -5.908930  0.128058 2.532828 -4.799326  0.102400 2.417709 -5.903493
0.128058 2.532828 -4.799326  0.171653 2.265038 -5.896939  0.102400 2.417709 -5.903493
0.102400 2.417709 -5.903493  0.171653 2.265038 -5.896939  0.070116 2.318600 -6.930327
0.070116 2.318600 -6.930327  0.171653 2.265038 -5.896939  0.141424 2.222075 -6.924824
0.141424 2.222075 -6.924824  0.171653 2.265038 -5.896939  0.079670 2.134157 -6.922204
0.171653 2.265038 -5.896939  0.140525 2.155125 -5.892625  0.079670 2.134157 -6.922204
0.090924 2.168457 -7.837990  0.039097 2.144181 -8.452903  0.000552 2.232652 -7.849864
0.000552 2.232652 -7.849864  0.039097 2.144181 -8.452903  0.000552 2.187116 -8.458888
0.000552 2.187116 -8.458888  0.039097 2.144181 -8.452903  0.000552 2.138433 -8.523692
0.000552 2.138433 -8.523692  0.039097 2.144181 -8.452903  0.000552 2.115574 -8.451095
0.039097 2.144181 -8.452903  0.090924 2.168457 -7.837990  0.000552 2.115574 -8.451095
0.000552 2.115574 -8.451095  0.090924 2.168457 -7.837990  0.000552 2.114693 -7.831267
0.472119 0.000564 2.349052  0.273548 0.000563 2.144821  0.761121 0.000564 2.266255
0.761121 0.000564 2.266255  0.273548 0.000563 2.144821  0.802565 0.000563 2.033932
0.273548 0.000563 2.144821  0.471221 0.000563 1.776862  0.802565 0.000563 2.033932
0.802565 0.000563 2.033932  0.471221 0.000563 1.776862  0.670715 0.000562 1.815088
0.471221 0.000563 1.776862  0.273548 0.000563 2.144821  0.290990 0.000564 1.916742
0.000552 1.606855 -1.400788  0.000552 1.518757 -0.919755  -0.214524 1.717628 -1.399162
0.000552 1.518757 -0.919755  -0.235849 1.599002 -0.910583  -0.214524 1.717628 -1.399162
-0.214524 1.717628 -1.399162  -0.235849 1.599002 -0.910583  -0.438004 1.862425 -1.381354
0.000552 2.232652 -7.849864  -0.069012 2.318600 -6.930327  0.000552 2.352145 -6.936471
0.000552 2.352145 -6.936471  -0.069012 2.318600 -6.930327  0.000552 2.476168 -5.908930
0.000552 2.476168 -5.908930  -0.069012 2.318600 -6.930327  -0.101295 2.417709 -5.903493
-0.069012 2.318600 -6.930327  -0.170548 2.265038 -5.896939  -0.101295 2.417709 -5.903493
-0.101295 2.417709 -5.903493  -0.170548 2.265038 -5.896939  -0.126953 2.532828 -4.799326
-0.170548 2.265038 -5.896939  -0.210799 2.314180 -4.773313  -0.126953 2.532828 -4.799326
-0.101295 2.417709 -5.903493  -0.126953 2.532828 -4.799326  0.000552 2.476168 -5.908930
-0.126953 2.532828 -4.799326  0.000552 2.619115 -4.811286  0.000552 2.476168 -5.908930
0.000552 2.790893 -3.756095  0.000552 2.619115 -4.811286  -0.126953 2.532828 -4.799326
0.000552 3.019722 -2.689079  0.000552 2.790893 -3.756095  -0.120536 2.979397 -2.690728
-0.436494 2.883147 -1.760703  -0.248932 3.340732 -1.479506  -0.212864 3.167115 -1.918260
-0.248932 3.340732 -1.479506  0.000552 3.420278 -1.478247  -0.212864 3.167115 -1.918260
0.000552 3.420278 -1.478247  0.000552 3.242713 -1.984212  -0.212864 3.167115 -1.918260
0.000552 3.242713 -1.984212  0.000552 3.019722 -2.689079  -0.212864 3.167115 -1.918260
0.000552 3.019722 -2.689079  -0.120536 2.979397 -2.690728  -0.212864 3.167115 -1.918260
-0.212864 3.167115 -1.918260  -0.120536 2.979397 -2.690728  -0.262264 2.793097 -2.676047
-0.120536 2.979397 -2.690728  0.000552 2.790893 -3.756095  -0.262264 2.793097 -2.676047
-0.262264 2.793097 -2.676047  0.000552 2.790893 -3.756095  -0.195871 2.678532 -3.752289
0.000552 2.790893 -3.756095  -0.126953 2.532828 -4.799326  -0.195871 2.678532 -3.752289
-0.195871 2.678532 -3.752289  -0.126953 2.532828 -4.799326  -0.268717 2.387042 -3.728422
-0.126953 2.532828 -4.799326  -0.210799 2.314180 -4.773313  -0.268717 2.387042 -3.728422
-0.268717 2.387042 -3.728422  -0.210799 2.314180 -4.773313  -0.163956 2.175725 -4.760688
-0.210799 2.314180 -4.773313  -0.170548 2.265038 -5.896939  -0.163956 2.175725 -4.760688
-0.163956 2.175725 -4.760688  -0.170548 2.265038 -5.896939  -0.139420 2.155125 -5.892625
-0.436494 2.883147 -1.760703  -0.212864 3.167115 -1.918260  -0.262264 2.793097 -2.676047
-0.262264 2.793097 -2.676047  -0.195871 2.678532 -3.752289  -0.268717 2.387042 -3.728422
-0.192393 2.144839 -3.716150  -0.268717 2.387042 -3.728422  -0.163956 2.175725 -4.760688
-0.248932 3.340732 -1.479506  -0.436494 2.883147 -1.760703  -0.651540 2.766382 -1.442075
-0.651540 2.766382 -1.442075  -0.436494 2.883147 -1.760703  -0.512978 2.401875 -1.638451
-0.436494 2.883147 -1.760703  -0.262264 2.793097 -2.676047  -0.512978 2.401875 -1.638451
-0.512978 2.401875 -1.638451  -0.262264 2.793097 -2.676047  -0.372274 2.429843 -2.643842
-0.262264 2.793097 -2.676047  -0.268717 2.387042 -3.728422  -0.372274 2.429843 -2.643842
-0.372274 2.429843 -2.643842  -0.268717 2.387042 -3.728422  -0.283128 2.057041 -2.622683
-0.268717 2.387042 -3.728422  -0.192393 2.144839 -3.716150  -0.283128 2.057041 -2.622683
-0.283128 2.057041 -2.622683  -0.192393 2.144839 -3.716150  0.000552 2.080204 -3.702443
-0.192393 2.144839 -3.716150  -0.163956 2.175725 -4.760688  0.000552 2.080204 -3.702443
0.000552 2.080204 -3.702443  -0.163956 2.175725 -4.760688  0.000552 2.111003 -4.760281
0.000552 2.111003 -4.760281  -0.163956 2.175725 -4.760688  0.000552 2.109879 -5.889095
-0.163956 2.175725 -4.760688  -0.139420 2.155125 -5.892625  0.000552 2.109879 -5.889095
0.000552 2.109879 -5.889095  -0.139420 2.155125 -5.892625  -0.078565 2.134157 -6.922204
-0.139420 2.155125 -5.892625  -0.170548 2.265038 -5.896939  -0.078565 2.134157 -6.922204
-0.078565 2.134157 -6.922204  -0.170548 2.265038 -5.896939  -0.140319 2.222075 -6.924824
-0.170548 2.265038 -5.896939  -0.069012 2.318600 -6.930327  -0.140319 2.222075 -6.924824
-0.140319 2.222075 -6.924824  -0.069012 2.318600 -6.930327  -0.089820 2.168457 -7.837990
-0.069012 2.318600 -6.930327  0.000552 2.232652 -7.849864  -0.089820 2.168457 -7.837990
0.000552 1.967124 -2.622216  -0.283128 2.057041 -2.622683  0.000552 2.080204 -3.702443
0.000552 1.793294 -1.790560  -0.331259 1.948963 -1.683704  0.000552 1.967124 -2.622216
0.000552 1.967124 -2.622216  -0.331259 1.948963 -1.683704  -0.283128 2.057041 -2.622683
-0.331259 1.948963 -1.683704  -0.512978 2.401875 -1.638451  -0.283128 2.057041 -2.622683
-0.283128 2.057041 -2.622683  -0.512978 2.401875 -1.638451  -0.372274 2.429843 -2.643842
-0.651540 2.766382 -1.442075  -0.512978 2.401875 -1.638451  -0.586451 2.019324 -1.400523
-0.512978 2.401875 -1.638451  -0.331259 1.948963 -1.683704  -0.586451 2.019324 -1.400523
-0.586451 2.019324 -1.400523  -0.331259 1.948963 -1.683704  -0.438004 1.862425 -1.381354
-0.438004 1.862425 -1.381354  -0.331259 1.948963 -1.683704  -0.214524 1.717628 -1.399162
-0.331259 1.948963 -1.683704  0.000552 1.793294 -1.790560  -0.214524 1.717628 -1.399162
-0.214524 1.717628 -1.399162  0.000552 1.793294 -1.790560  0.000552 1.606855 -1.400788
-0.089820 2.168457 -7.837990  0.000552 2.232652 -7.849864  -0.037992 2.144181 -8.452903
0.000552 2.232652 -7.849864  0.000552 2.187116 -8.458888  -0.037992 2.144181 -8.452903
0.000552 2.187116 -8.458888  0.000552 2.138433 -8.523692  -0.037992 2.144181 -8.452903
0.000552 2.138433 -8.523692  0.000552 2.115574 -8.451095  -0.037992 2.144181 -8.452903
-0.037992 2.144181 -8.452903  0.000552 2.115574 -8.451095  -0.089820 2.168457 -7.837990
0.000552 2.115574 -8.451095  0.000552 2.114693 -7.831267  -0.089820 2.168457 -7.837990
-0.089820 2.168457 -7.837990  0.000552 2.114693 -7.831267  -0.140319 2.222075 -6.924824
-0.140319 2.222075 -6.924824  0.000552 2.114693 -7.831267  -0.078565 2.134157 -6.922204
0.000552 2.114693 -7.831267  0.000552 2.098167 -6.919286  -0.078565 2.134157 -6.922204
-0.078565 2.134157 -6.922204  0.000552 2.098167 -6.919286  0.000552 2.109879 -5.889095
-0.281107 1.417130 1.921759  -0.263487 1.030360 2.052149  -0.283371 1.019390 1.728665
-0.283371 1.019390 1.728665  -0.263487 1.030360 2.052149  -0.300261 0.284099 1.883813
-0.263487 1.030360 2.052149  -0.284005 0.311574 2.110212  -0.300261 0.284099 1.883813
-0.300261 0.284099 1.883813  -0.284005 0.311574 2.110212  -0.312379 0.118790 1.921441
-0.284005 0.311574 2.110212  -0.296549 0.129761 2.091516  -0.312379 0.118790 1.921441
-0.272443 0.000563 2.144821  -0.289885 0.000564 1.916742  -0.296549 0.129761 2.091516
-0.296549 0.129761 2.091516  -0.289885 0.000564 1.916742  -0.312379 0.118790 1.921441
-0.289885 0.000564 1.916742  -0.470117 0.000562 1.776862  -0.312379 0.118790 1.921441
-0.470117 0.000562 1.776862  -0.475950 0.110443 1.784173  -0.312379 0.118790 1.921441
-0.312379 0.118790 1.921441  -0.475950 0.110443 1.784173  -0.300261 0.284099 1.883813
-0.475950 0.110443 1.784173  -0.470766 0.267801 1.749518  -0.300261 0.284099 1.883813
-0.300261 0.284099 1.883813  -0.470766 0.267801 1.749518  -0.283371 1.019390 1.728665
-0.470766 0.267801 1.749518  -0.462454 1.011042 1.573822  -0.283371 1.019390 1.728665
-0.462454 1.011042 1.573822  -0.375115 1.299666 1.670623  -0.283371 1.019390 1.728665
-0.283371 1.019390 1.728665  -0.375115 1.299666 1.670623  -0.281107 1.417130 1.921759
-0.375115 1.299666 1.670623  -0.335616 1.683378 1.613598  -0.281107 1.417130 1.921759
-0.281107 1.417130 1.921759  -0.335616 1.683378 1.613598  -0.268452 1.617085 2.074967
-0.335616 1.683378 1.613598  -0.175810 1.735079 2.160992  -0.268452 1.617085 2.074967
-0.175810 1.735079 2.160992  -0.358853 2.133327 2.408684  -0.268452 1.617085 2.074967
-0.268452 1.617085 2.074967  -0.358853 2.133327 2.408684  -0.281107 1.417130 1.921759
-0.358853 2.133327 2.408684  -0.412105 1.641245 2.250551  -0.281107 1.417130 1.921759
-0.412105 1.641245 2.250551  -0.445952 1.320149 2.155970  -0.281107 1.417130 1.921759
-0.281107 1.417130 1.921759  -0.445952 1.320149 2.155970  -0.263487 1.030360 2.052149
-0.445952 1.320149 2.155970  -0.463477 1.049836 2.182088  -0.263487 1.030360 2.052149
-0.263487 1.030360 2.052149  -0.463477 1.049836 2.182088  -0.284005 0.311574 2.110212
-0.463477 1.049836 2.182088  -0.472476 0.329194 2.255402  -0.284005 0.311574 2.110212
-0.284005 0.311574 2.110212  -0.472476 0.329194 2.255402  -0.296549 0.129761 2.091516
-0.472476 0.329194 2.255402  -0.476765 0.149236 2.281504  -0.296549 0.129761 2.091516
-0.296549 0.129761 2.091516  -0.476765 0.149236 2.281504  -0.272443 0.000563 2.144821
-0.476765 0.149236 2.281504  -0.471014 0.000564 2.349052  -0.272443 0.000563 2.144821
-0.335616 1.683378 1.613598  -0.375115 1.299666 1.670623  -0.470116 1.352374 1.561727
-0.375115 1.299666 1.670623  -0.462454 1.011042 1.573822  -0.470116 1.352374 1.561727
0.170749 5.374887 5.476701  0.179151 5.337468 5.476701  0.170749 5.374887 5.439282
0.170749 5.374887 5.439282  0.179151 5.337468 5.476701  0.170749 5.337468 5.439282
0.170749 5.337468 5.439282  0.179151 5.337468 5.476701  0.170749 5.300049 5.439282
0.170749 5.300049 5.439282  0.179151 5.337468 5.476701  0.170749 5.300049 5.476701
0.170749 5.300049 5.476701  0.179151 5.337468 5.476701  0.170749 5.300049 5.514120
0.170749 5.300049 5.514120  0.179151 5.337468 5.476701  0.170749 5.337468 5.514120
0.170749 5.337468 5.514120  0.179151 5.337468 5.476701  0.170749 5.374887 5.514120
0.179151 5.337468 5.476701  0.170749 5.374887 5.476701  0.170749 5.374887 5.514120
-0.169644 5.300049 5.439282  -0.178046 5.337468 5.476701  -0.169644 5.337468 5.439282
-0.169644 5.337468 5.439282  -0.178046 5.337468 5.476701  -0.169644 5.374887 5.439282
-0.169644 5.374887 5.439282  -0.178046 5.337468 5.476701  -0.169644 5.374887 5.476701
-0.169644 5.374887 5.476701  -0.178046 5.337468 5.476701  -0.169644 5.374887 5.514120
-0.169644 5.374887 5.514120  -0.178046 5.337468 5.476701  -0.169644 5.337468 5.514120
-0.169644 5.337468 5.514120  -0.178046 5.337468 5.476701  -0.169644 5.300049 5.514120
-0.169644 5.300049 5.514120  -0.178046 5.337468 5.476701  -0.169644 5.300049 5.476701
-0.178046 5.337468 5.476701  -0.169644 5.300049 5.439282  -0.169644 5.300049 5.476701
0.112394 5.466691 5.236292  0.000552 5.479409 5.133626  0.000552 5.486832 5.238995
0.251265 5.125292 4.949498  0.198101 4.976019 4.238120  0.161397 5.301034 4.863410
0.198101 4.976019 4.238120  0.000552 5.400992 4.782372  0.161397 5.301034 4.863410
0.000552 5.400992 4.782372  0.000552 5.479409 5.133626  0.161397 5.301034 4.863410
0.161397 5.301034 4.863410  0.000552 5.479409 5.133626  0.144718 5.363868 5.187682
0.000552 5.479409 5.133626  0.112394 5.466691 5.236292  0.144718 5.363868 5.187682
0.112394 5.466691 5.236292  0.195117 5.343316 5.252961  0.144718 5.363868 5.187682
0.144718 5.363868 5.187682  0.195117 5.343316 5.252961  0.234646 5.161792 5.227868
0.195117 5.343316 5.252961  0.230459 5.168332 5.290733  0.234646 5.161792 5.227868
0.234646 5.161792 5.227868  0.230459 5.168332 5.290733  0.153407 5.003401 5.246176
0.230459 5.168332 5.290733  0.226971 5.060486 5.300586  0.153407 5.003401 5.246176
0.226971 5.060486 5.300586  0.208715 5.004085 5.305796  0.153407 5.003401 5.246176
0.153407 5.003401 5.246176  0.208715 5.004085 5.305796  0.000552 4.914868 5.258829
0.208715 5.004085 5.305796  0.076148 4.936242 5.304269  0.000552 4.914868 5.258829
0.000552 4.914868 5.258829  0.076148 4.936242 5.304269  0.000552 4.900849 5.331255
0.234646 5.161792 5.227868  0.153407 5.003401 5.246176  0.182427 4.883985 5.028268
0.182427 4.883985 5.028268  0.153407 5.003401 5.246176  0.000552 4.812404 5.091237
0.153407 5.003401 5.246176  0.000552 4.914868 5.258829  0.000552 4.812404 5.091237
0.161397 5.301034 4.863410  0.144718 5.363868 5.187682  0.251265 5.125292 4.949498
0.144718 5.363868 5.187682  0.234646 5.161792 5.227868  0.251265 5.125292 4.949498
0.234646 5.161792 5.227868  0.182427 4.883985 5.028268  0.251265 5.125292 4.949498
0.251265 5.125292 4.949498  0.182427 4.883985 5.028268  0.207528 4.540714 4.509886
0.182427 4.883985 5.028268  0.000552 4.812404 5.091237  0.207528 4.540714 4.509886
0.000552 4.812404 5.091237  0.000552 4.475718 4.577967  0.207528 4.540714 4.509886
0.207528 4.540714 4.509886  0.000552 4.475718 4.577967  0.000552 4.008721 4.094915
0.225308 3.440726 3.528407  0.339274 4.261584 3.871478  0.184145 4.045682 4.003178
0.184145 4.045682 4.003178  0.339274 4.261584 3.871478  0.290533 4.733595 4.405621
0.290533 4.733595 4.405621  0.339274 4.261584 3.871478  0.198101 4.976019 4.238120
0.339274 4.261584 3.871478  0.217147 4.536878 3.730591  0.198101 4.976019 4.238120
0.217147 4.536878 3.730591  0.000552 4.489470 3.617351  0.198101 4.976019 4.238120
0.000552 4.489470 3.617351  0.000552 5.043509 4.124326  0.198101 4.976019 4.238120
0.198101 4.976019 4.238120  0.000552 5.043509 4.124326  0.000552 5.400992 4.782372
0.000552 4.489470 3.617351  0.217147 4.536878 3.730591  0.268208 4.065968 3.236672
0.217147 4.536878 3.730591  0.339274 4.261584 3.871478  0.268208 4.065968 3.236672
0.268208 4.065968 3.236672  0.339274 4.261584 3.871478  0.392066 3.699578 3.394559
0.339274 4.261584 3.871478  0.225308 3.440726 3.528407  0.392066 3.699578 3.394559
0.392066 3.699578 3.394559  0.225308 3.440726 3.528407  0.441096 3.304172 3.060057
0.225308 3.440726 3.528407  0.275796 2.983271 3.106120  0.441096 3.304172 3.060057
0.441096 3.304172 3.060057  0.275796 2.983271 3.106120  0.499563 2.840624 2.561066
0.499563 2.840624 2.561066  0.275796 2.983271 3.106120  0.305719 2.494510 2.611460
0.305719 2.494510 2.611460  0.275796 2.983271 3.106120  0.000552 2.359951 2.650165
0.000552 2.359951 2.650165  0.275796 2.983271 3.106120  0.000552 2.878001 3.167421
0.275796 2.983271 3.106120  0.225308 3.440726 3.528407  0.000552 2.878001 3.167421
0.000552 2.878001 3.167421  0.225308 3.440726 3.528407  0.000552 3.383486 3.631074
0.000552 3.383486 3.631074  0.225308 3.440726 3.528407  0.000552 4.008721 4.094915
0.225308 3.440726 3.528407  0.184145 4.045682 4.003178  0.000552 4.008721 4.094915
0.000552 4.008721 4.094915  0.184145 4.045682 4.003178  0.207528 4.540714 4.509886
0.184145 4.045682 4.003178  0.290533 4.733595 4.405621  0.207528 4.540714 4.509886
0.207528 4.540714 4.509886  0.290533 4.733595 4.405621  0.251265 5.125292 4.949498
0.290533 4.733595 4.405621  0.198101 4.976019 4.238120  0.251265 5.125292 4.949498
0.000552 4.489470 3.617351  0.268208 4.065968 3.236672  0.000552 4.092392 3.113254
0.000552 4.092392 3.113254  0.268208 4.065968 3.236672  0.000552 3.896750 2.720039
0.268208 4.065968 3.236672  0.306142 3.702707 2.902936  0.000552 3.896750 2.720039
0.000552 3.896750 2.720039  0.306142 3.702707 2.902936  0.200267 3.698361 2.310002
0.200267 3.698361 2.310002  0.306142 3.702707 2.902936  0.380073 3.428133 2.524049
0.380073 3.428133 2.524049  0.306142 3.702707 2.902936  0.499563 2.840624 2.561066
0.499563 2.840624 2.561066  0.306142 3.702707 2.902936  0.441096 3.304172 3.060057
0.306142 3.702707 2.902936  0.268208 4.065968 3.236672  0.441096 3.304172 3.060057
0.441096 3.304172 3.060057  0.268208 4.065968 3.236672  0.392066 3.699578 3.394559
0.000552 3.748950 2.306868  0.000552 3.896750 2.720039  0.200267 3.698361 2.310002
-0.710006 0.278369 -0.801841  -0.747868 0.881122 -0.751650  -0.475864 0.278369 -0.873680
-0.475864 0.278369 -0.873680  -0.747868 0.881122 -0.751650  -0.452929 0.896945 -0.839426
-0.747868 0.881122 -0.751650  -0.464271 1.109487 -0.778743  -0.452929 0.896945 -0.839426
-0.464271 -0.001052 -0.806569  -0.725280 -0.001092 -0.741893  -0.484822 0.161306 -0.844175
-0.725280 -0.001092 -0.741893  -0.701039 0.166201 -0.779452  -0.484822 0.161306 -0.844175
-0.484822 0.161306 -0.844175  -0.701039 0.166201 -0.779452  -0.475864 0.278369 -0.873680
-0.475864 0.278369 -0.873680  -0.701039 0.166201 -0.779452  -0.710006 0.278369 -0.801841
-0.710006 0.278369 -0.801841  -0.701039 0.166201 -0.779452  -0.772494 0.164136 -0.584191
-0.701039 0.166201 -0.779452  -0.819338 -0.001118 -0.550778  -0.772494 0.164136 -0.584191
-0.772494 0.164136 -0.584191  -0.819338 -0.001118 -0.550778  -0.760988 -0.001131 -0.309224
-0.725280 -0.001092 -0.741893  -0.819338 -0.001118 -0.550778  -0.701039 0.166201 -0.779452
-0.464271 1.336458 -0.830108  -0.464271 1.109487 -0.778743  -0.725280 1.111757 -0.712118
-0.464271 1.109487 -0.778743  -0.747868 0.881122 -0.751650  -0.725280 1.111757 -0.712118
-0.725280 1.111757 -0.712118  -0.747868 0.881122 -0.751650  -0.862149 0.860362 -0.486870
-0.747868 0.881122 -0.751650  -0.710006 0.278369 -0.801841  -0.862149 0.860362 -0.486870
-0.862149 0.860362 -0.486870  -0.710006 0.278369 -0.801841  -0.791588 0.278369 -0.588608
-0.710006 0.278369 -0.801841  -0.772494 0.164136 -0.584191  -0.791588 0.278369 -0.588608
-0.791588 0.278369 -0.588608  -0.772494 0.164136 -0.584191  -0.716639 0.163116 -0.333477
-0.772494 0.164136 -0.584191  -0.760988 -0.001131 -0.309224  -0.716639 0.163116 -0.333477
-0.760988 -0.001131 -0.309224  -0.598868 -0.001117 -0.216984  -0.716639 0.163116 -0.333477
-0.598868 -0.001117 -0.216984  -0.592995 0.164270 -0.307590  -0.716639 0.163116 -0.333477
-0.716639 0.163116 -0.333477  -0.592995 0.164270 -0.307590  -0.738712 0.278369 -0.328610
-0.592995 0.164270 -0.307590  -0.595732 0.278369 -0.287090  -0.738712 0.278369 -0.328610
-0.595732 0.278369 -0.287090  -0.605022 0.797887 -0.185397  -0.738712 0.278369 -0.328610
-0.738712 0.278369 -0.328610  -0.605022 0.797887 -0.185397  -0.788218 0.818167 -0.241709
-0.605022 0.797887 -0.185397  -0.760988 1.109618 -0.213012  -0.788218 0.818167 -0.241709
-0.788218 0.818167 -0.241709  -0.760988 1.109618 -0.213012  -0.829107 1.111164 -0.456060
-0.760988 1.109618 -0.213012  -0.829107 1.381986 -0.480015  -0.829107 1.111164 -0.456060
-0.829107 1.111164 -0.456060  -0.829107 1.381986 -0.480015  -0.725280 1.347436 -0.756519
-0.829107 1.381986 -0.480015  -0.757550 2.005441 -1.104468  -0.725280 1.347436 -0.756519
-0.725280 1.347436 -0.756519  -0.757550 2.005441 -1.104468  -0.631773 1.871965 -1.176920
-0.757550 2.005441 -1.104468  -0.586451 2.019324 -1.400523  -0.631773 1.871965 -1.176920
-0.586451 2.019324 -1.400523  -0.464271 1.336458 -0.830108  -0.631773 1.871965 -1.176920
-0.631773 1.871965 -1.176920  -0.464271 1.336458 -0.830108  -0.725280 1.347436 -0.756519
-0.464271 1.336458 -0.830108  -0.725280 1.111757 -0.712118  -0.725280 1.347436 -0.756519
-0.725280 1.347436 -0.756519  -0.725280 1.111757 -0.712118  -0.829107 1.111164 -0.456060
-0.725280 1.111757 -0.712118  -0.862149 0.860362 -0.486870  -0.829107 1.111164 -0.456060
-0.829107 1.111164 -0.456060  -0.862149 0.860362 -0.486870  -0.788218 0.818167 -0.241709
-0.862149 0.860362 -0.486870  -0.791588 0.278369 -0.588608  -0.788218 0.818167 -0.241709
-0.788218 0.818167 -0.241709  -0.791588 0.278369 -0.588608  -0.738712 0.278369 -0.328610
-0.791588 0.278369 -0.588608  -0.716639 0.163116 -0.333477  -0.738712 0.278369 -0.328610
-0.586451 2.019324 -1.400523  -0.757550 2.005441 -1.104468  -0.651540 2.766382 -1.442075
-0.757550 2.005441 -1.104468  -0.929749 2.170449 -0.713022  -0.651540 2.766382 -1.442075
-0.651540 2.766382 -1.442075  -0.929749 2.170449 -0.713022  -0.730069 3.080968 -0.987884
-0.757550 2.005441 -1.104468  -0.829107 1.381986 -0.480015  -0.929749 2.170449 -0.713022
-0.829107 1.381986 -0.480015  -0.906020 2.372727 -0.223410  -0.929749 2.170449 -0.713022
-0.929749 2.170449 -0.713022  -0.906020 2.372727 -0.223410  -0.730069 3.080968 -0.987884
-0.730069 3.080968 -0.987884  -0.906020 2.372727 -0.223410  -0.729837 3.153152 -0.533055
-0.729837 3.153152 -0.533055  -0.906020 2.372727 -0.223410  -0.746673 2.868587 -0.158639
-0.906020 2.372727 -0.223410  -0.850093 2.194196 -0.068007  -0.746673 2.868587 -0.158639
-0.760988 1.109618 -0.213012  -0.747407 1.422004 -0.189063  -0.829107 1.381986 -0.480015
-0.829107 1.381986 -0.480015  -0.747407 1.422004 -0.189063  -0.906020 2.372727 -0.223410
-0.906020 2.372727 -0.223410  -0.747407 1.422004 -0.189063  -0.850093 2.194196 -0.068007
-0.850093 2.194196 -0.068007  -0.747407 1.422004 -0.189063  -0.680447 1.448673 -0.115665
-0.680447 1.448673 -0.115665  -0.747407 1.422004 -0.189063  -0.597642 1.104002 -0.155135
-0.747407 1.422004 -0.189063  -0.760988 1.109618 -0.213012  -0.597642 1.104002 -0.155135
-0.597642 1.104002 -0.155135  -0.760988 1.109618 -0.213012  -0.605022 0.797887 -0.185397
0.000552 5.486832 5.238995  0.000552 5.506030 5.351963  0.112394 5.466691 5.236292
0.112394 5.466691 5.236292  0.000552 5.506030 5.351963  0.145457 5.481108 5.352914
0.000552 5.506030 5.351963  0.000552 5.508457 5.560236  0.145457 5.481108 5.352914
0.145457 5.481108 5.352914  0.000552 5.508457 5.560236  0.136747 5.463428 5.556611
0.000552 5.508457 5.560236  0.000552 5.467007 5.773975  0.136747 5.463428 5.556611
0.000552 5.467007 5.773975  0.124312 5.425508 5.776715  0.136747 5.463428 5.556611
0.136747 5.463428 5.556611  0.124312 5.425508 5.776715  0.177237 5.326978 5.566554
0.124312 5.425508 5.776715  0.147835 5.301517 5.782171  0.177237 5.326978 5.566554
0.177237 5.326978 5.566554  0.147835 5.301517 5.782171  0.214509 5.177911 5.577834
0.147835 5.301517 5.782171  0.177114 5.158762 5.792537  0.214509 5.177911 5.577834
0.214509 5.177911 5.577834  0.177114 5.158762 5.792537  0.208865 5.071384 5.600561
0.208865 5.071384 5.600561  0.177114 5.158762 5.792537  0.167990 5.104903 5.794520
0.177114 5.158762 5.792537  0.121729 5.149232 5.974926  0.167990 5.104903 5.794520
0.167990 5.104903 5.794520  0.121729 5.149232 5.974926  0.116410 5.116644 5.972466
0.121729 5.149232 5.974926  0.000552 5.147355 6.016570  0.116410 5.116644 5.972466
0.116410 5.116644 5.972466  0.000552 5.147355 6.016570  0.000552 5.119826 6.008332
0.000552 5.467007 5.773975  0.000552 5.363750 5.877015  0.124312 5.425508 5.776715
0.000552 5.363750 5.877015  0.090999 5.319004 5.910044  0.124312 5.425508 5.776715
0.124312 5.425508 5.776715  0.090999 5.319004 5.910044  0.147835 5.301517 5.782171
0.090999 5.319004 5.910044  0.111479 5.236773 5.951911  0.147835 5.301517 5.782171
0.147835 5.301517 5.782171  0.111479 5.236773 5.951911  0.177114 5.158762 5.792537
0.177114 5.158762 5.792537  0.111479 5.236773 5.951911  0.121729 5.149232 5.974926
0.111479 5.236773 5.951911  0.000552 5.207813 5.996355  0.121729 5.149232 5.974926
0.121729 5.149232 5.974926  0.000552 5.207813 5.996355  0.000552 5.147355 6.016570
0.000552 5.207813 5.996355  0.111479 5.236773 5.951911  0.000552 5.298597 5.959337
0.111479 5.236773 5.951911  0.090999 5.319004 5.910044  0.000552 5.298597 5.959337
0.000552 5.298597 5.959337  0.090999 5.319004 5.910044  0.000552 5.363750 5.877015
0.180586 5.328876 5.521487  0.186041 5.350814 5.512645  0.177237 5.326978 5.566554
0.177237 5.326978 5.566554  0.186041 5.350814 5.512645  0.136747 5.463428 5.556611
0.186041 5.350814 5.512645  0.184177 5.367970 5.482315  0.136747 5.463428 5.556611
0.136747 5.463428 5.556611  0.184177 5.367970 5.482315  0.145457 5.481108 5.352914
0.184177 5.367970 5.482315  0.189980 5.365792 5.440436  0.145457 5.481108 5.352914
0.145457 5.481108 5.352914  0.189980 5.365792 5.440436  0.209420 5.346766 5.325949
0.189980 5.365792 5.440436  0.190351 5.334890 5.424040  0.209420 5.346766 5.325949
0.209420 5.346766 5.325949  0.190351 5.334890 5.424040  0.243918 5.178960 5.359989
0.208715 5.004085 5.305796  0.226971 5.060486 5.300586  0.229593 5.060950 5.393886
0.229593 5.060950 5.393886  0.226971 5.060486 5.300586  0.243918 5.178960 5.359989
0.226971 5.060486 5.300586  0.230459 5.168332 5.290733  0.243918 5.178960 5.359989
0.243918 5.178960 5.359989  0.230459 5.168332 5.290733  0.209420 5.346766 5.325949
0.230459 5.168332 5.290733  0.195117 5.343316 5.252961  0.209420 5.346766 5.325949
0.209420 5.346766 5.325949  0.195117 5.343316 5.252961  0.145457 5.481108 5.352914
0.195117 5.343316 5.252961  0.112394 5.466691 5.236292  0.145457 5.481108 5.352914
0.172294 5.331795 5.510282  0.165881 5.342854 5.507930  0.186041 5.350814 5.512645
0.186041 5.350814 5.512645  0.165881 5.342854 5.507930  0.184177 5.367970 5.482315
0.165881 5.342854 5.507930  0.171221 5.358820 5.479991  0.184177 5.367970 5.482315
0.184177 5.367970 5.482315  0.171221 5.358820 5.479991  0.189980 5.365792 5.440436
0.171221 5.358820 5.479991  0.165310 5.347423 5.446837  0.189980 5.365792 5.440436
0.189980 5.365792 5.440436  0.165310 5.347423 5.446837  0.190351 5.334890 5.424040
0.165310 5.347423 5.446837  0.170477 5.335752 5.441651  0.190351 5.334890 5.424040
0.170477 5.335752 5.441651  0.184860 5.314759 5.450796  0.190351 5.334890 5.424040
0.190351 5.334890 5.424040  0.184860 5.314759 5.450796  0.243918 5.178960 5.359989
0.184860 5.314759 5.450796  0.214509 5.177911 5.577834  0.243918 5.178960 5.359989
0.243918 5.178960 5.359989  0.214509 5.177911 5.577834  0.229593 5.060950 5.393886
0.214509 5.177911 5.577834  0.208865 5.071384 5.600561  0.229593 5.060950 5.393886
0.229593 5.060950 5.393886  0.208865 5.071384 5.600561  0.222273 4.981248 5.427523
0.208865 5.071384 5.600561  0.194695 4.955019 5.596189  0.222273 4.981248 5.427523
0.222273 4.981248 5.427523  0.194695 4.955019 5.596189  0.069297 4.922152 5.435681
0.069297 4.922152 5.435681  0.194695 4.955019 5.596189  0.080722 4.917237 5.589666
0.194695 4.955019 5.596189  0.171676 4.903439 5.785002  0.080722 4.917237 5.589666
0.080722 4.917237 5.589666  0.171676 4.903439 5.785002  0.097226 4.875328 5.779829
0.171676 4.903439 5.785002  0.116907 4.856168 5.918238  0.097226 4.875328 5.779829
0.208865 5.071384 5.600561  0.167990 4.992481 5.796257  0.194695 4.955019 5.596189
0.194695 4.955019 5.596189  0.167990 4.992481 5.796257  0.171676 4.903439 5.785002
0.167990 4.992481 5.796257  0.116410 4.960156 5.956709  0.171676 4.903439 5.785002
0.171676 4.903439 5.785002  0.116410 4.960156 5.956709  0.116907 4.856168 5.918238
0.116410 4.960156 5.956709  0.000552 4.954017 5.994097  0.116907 4.856168 5.918238
0.000552 4.954017 5.994097  0.000552 4.881968 5.961633  0.116907 4.856168 5.918238
0.000552 4.881968 5.961633  0.000552 4.828894 5.905109  0.116907 4.856168 5.918238
0.116907 4.856168 5.918238  0.000552 4.828894 5.905109  0.097226 4.875328 5.779829
0.000552 4.828894 5.905109  0.000552 4.858449 5.771388  0.097226 4.875328 5.779829
0.000552 4.858449 5.771388  0.000552 4.907383 5.591326  0.097226 4.875328 5.779829
0.097226 4.875328 5.779829  0.000552 4.907383 5.591326  0.080722 4.917237 5.589666
0.000552 4.907383 5.591326  0.000552 4.904229 5.442652  0.080722 4.917237 5.589666
0.080722 4.917237 5.589666  0.000552 4.904229 5.442652  0.069297 4.922152 5.435681
0.000552 4.904229 5.442652  0.000552 4.900849 5.331255  0.069297 4.922152 5.435681
0.000552 4.900849 5.331255  0.076148 4.936242 5.304269  0.069297 4.922152 5.435681
0.069297 4.922152 5.435681  0.076148 4.936242 5.304269  0.222273 4.981248 5.427523
0.076148 4.936242 5.304269  0.208715 5.004085 5.305796  0.222273 4.981248 5.427523
0.222273 4.981248 5.427523  0.208715 5.004085 5.305796  0.229593 5.060950 5.393886
0.000552 4.939599 5.975760  0.116410 4.960156 5.956709  0.000552 4.970697 5.789292
0.116410 4.960156 5.956709  0.167990 4.992481 5.796257  0.000552 4.970697 5.789292
0.000552 4.970697 5.789292  0.167990 4.992481 5.796257  0.000552 5.094712 5.490355
0.167990 4.992481 5.796257  0.208865 5.071384 5.600561  0.000552 5.094712 5.490355
0.000552 5.094712 5.490355  0.208865 5.071384 5.600561  0.000552 5.123794 5.782780
0.208865 5.071384 5.600561  0.167990 5.104903 5.794520  0.000552 5.123794 5.782780
0.000552 5.123794 5.782780  0.167990 5.104903 5.794520  0.000552 5.143417 5.984985
0.167990 5.104903 5.794520  0.116410 5.116644 5.972466  0.000552 5.143417 5.984985
0.000552 5.143417 5.984985  0.116410 5.116644 5.972466  0.000552 5.119826 6.008332
0.473581 0.329194 2.255402  0.477869 0.149236 2.281504  0.704647 0.130832 2.188087
0.477869 0.149236 2.281504  0.472119 0.000564 2.349052  0.704647 0.130832 2.188087
0.472119 0.000564 2.349052  0.761121 0.000564 2.266255  0.704647 0.130832 2.188087
0.704647 0.130832 2.188087  0.761121 0.000564 2.266255  0.802565 0.000563 2.033932
0.781077 1.321030 1.829836  0.721994 1.315145 2.049565  0.713273 1.031432 2.064795
0.721994 1.315145 2.049565  0.464582 1.049836 2.182088  0.713273 1.031432 2.064795
0.713273 1.031432 2.064795  0.464582 1.049836 2.182088  0.694733 0.317458 2.158702
0.464582 1.049836 2.182088  0.473581 0.329194 2.255402  0.694733 0.317458 2.158702
0.473581 0.329194 2.255402  0.704647 0.130832 2.188087  0.694733 0.317458 2.158702
0.694733 0.317458 2.158702  0.704647 0.130832 2.188087  0.758268 0.117327 1.999082
0.704647 0.130832 2.188087  0.802565 0.000563 2.033932  0.758268 0.117327 1.999082
0.758268 0.117327 1.999082  0.802565 0.000563 2.033932  0.658108 0.097430 1.818932
0.802565 0.000563 2.033932  0.670715 0.000562 1.815088  0.658108 0.097430 1.818932
0.670715 0.000562 1.815088  0.477055 0.110443 1.784173  0.658108 0.097430 1.818932
0.658108 0.097430 1.818932  0.477055 0.110443 1.784173  0.670730 0.273595 1.797257
0.477055 0.110443 1.784173  0.471871 0.267801 1.749518  0.670730 0.273595 1.797257
0.670730 0.273595 1.797257  0.471871 0.267801 1.749518  0.690982 1.009645 1.645457
0.471871 0.267801 1.749518  0.463559 1.011042 1.573822  0.690982 1.009645 1.645457
0.463559 1.011042 1.573822  0.471221 1.352374 1.561727  0.690982 1.009645 1.645457
0.690982 1.009645 1.645457  0.471221 1.352374 1.561727  0.670715 1.331250 1.599660
0.471221 1.352374 1.561727  0.336721 1.683378 1.613598  0.670715 1.331250 1.599660
0.670715 1.331250 1.599660  0.336721 1.683378 1.613598  0.688658 1.739834 1.675618
0.721994 1.315145 2.049565  0.447057 1.320149 2.155970  0.464582 1.049836 2.182088
0.670715 0.000562 1.815088  0.471221 0.000563 1.776862  0.477055 0.110443 1.784173
0.690982 1.009645 1.645457  0.670715 1.331250 1.599660  0.803174 1.019486 1.817499
0.690982 1.009645 1.645457  0.803174 1.019486 1.817499  0.670730 0.273595 1.797257
0.803174 1.019486 1.817499  0.766985 0.297817 1.966924  0.670730 0.273595 1.797257
0.670730 0.273595 1.797257  0.766985 0.297817 1.966924  0.658108 0.097430 1.818932
0.658108 0.097430 1.818932  0.766985 0.297817 1.966924  0.758268 0.117327 1.999082
0.758268 0.117327 1.999082  0.766985 0.297817 1.966924  0.694733 0.317458 2.158702
0.694733 0.317458 2.158702  0.766985 0.297817 1.966924  0.713273 1.031432 2.064795
0.766985 0.297817 1.966924  0.803174 1.019486 1.817499  0.713273 1.031432 2.064795
0.713273 1.031432 2.064795  0.803174 1.019486 1.817499  0.781077 1.321030 1.829836
0.803174 1.019486 1.817499  0.670715 1.331250 1.599660  0.781077 1.321030 1.829836
0.670715 1.331250 1.599660  0.688658 1.739834 1.675618  0.781077 1.321030 1.829836
0.688658 1.739834 1.675618  0.815532 1.696200 1.978590  0.781077 1.321030 1.829836
0.781077 1.321030 1.829836  0.815532 1.696200 1.978590  0.721994 1.315145 2.049565
0.815532 1.696200 1.978590  0.731918 1.676906 2.158320  0.721994 1.315145 2.049565
0.721994 1.315145 2.049565  0.731918 1.676906 2.158320  0.447057 1.320149 2.155970
0.731918 1.676906 2.158320  0.413210 1.641245 2.250551  0.447057 1.320149 2.155970
0.336721 1.683378 1.613598  0.503481 1.938029 1.581293  0.688658 1.739834 1.675618
0.503481 1.938029 1.581293  0.736129 1.952889 1.605022  0.688658 1.739834 1.675618
0.688658 1.739834 1.675618  0.736129 1.952889 1.605022  0.815532 1.696200 1.978590
0.736129 1.952889 1.605022  0.921974 2.103670 1.995459  0.815532 1.696200 1.978590
0.815532 1.696200 1.978590  0.921974 2.103670 1.995459  0.731918 1.676906 2.158320
0.921974 2.103670 1.995459  0.740009 2.200329 2.399601  0.731918 1.676906 2.158320
0.731918 1.676906 2.158320  0.740009 2.200329 2.399601  0.413210 1.641245 2.250551
0.413210 1.641245 2.250551  0.740009 2.200329 2.399601  0.359958 2.133327 2.408684
0.740009 2.200329 2.399601  0.766948 2.704340 2.391857  0.359958 2.133327 2.408684
0.359958 2.133327 2.408684  0.766948 2.704340 2.391857  0.647415 2.782905 2.427978
0.647415 2.782905 2.427978  0.766948 2.704340 2.391857  0.667408 3.153716 2.147183
0.667408 3.153716 2.147183  0.766948 2.704340 2.391857  0.762031 3.202801 1.753953
0.766948 2.704340 2.391857  0.919609 2.614177 2.030977  0.762031 3.202801 1.753953
0.762031 3.202801 1.753953  0.919609 2.614177 2.030977  0.722823 3.096043 1.397629
0.919609 2.614177 2.030977  0.900361 2.332728 1.511125  0.722823 3.096043 1.397629
0.722823 3.096043 1.397629  0.900361 2.332728 1.511125  0.916275 2.095121 1.357544
0.916275 2.095121 1.357544  0.900361 2.332728 1.511125  0.503481 1.938029 1.581293
0.503481 1.938029 1.581293  0.900361 2.332728 1.511125  0.736129 1.952889 1.605022
0.736129 1.952889 1.605022  0.900361 2.332728 1.511125  0.921974 2.103670 1.995459
0.900361 2.332728 1.511125  0.919609 2.614177 2.030977  0.921974 2.103670 1.995459
0.921974 2.103670 1.995459  0.919609 2.614177 2.030977  0.740009 2.200329 2.399601
0.919609 2.614177 2.030977  0.766948 2.704340 2.391857  0.740009 2.200329 2.399601
0.359958 2.133327 2.408684  0.282211 1.417130 1.921759  0.413210 1.641245 2.250551
0.413210 1.641245 2.250551  0.282211 1.417130 1.921759  0.447057 1.320149 2.155970
0.282211 1.417130 1.921759  0.264592 1.030360 2.052149  0.447057 1.320149 2.155970
0.447057 1.320149 2.155970  0.264592 1.030360 2.052149  0.464582 1.049836 2.182088
0.264592 1.030360 2.052149  0.285110 0.311574 2.110212  0.464582 1.049836 2.182088
0.464582 1.049836 2.182088  0.285110 0.311574 2.110212  0.473581 0.329194 2.255402
0.477869 0.149236 2.281504  0.473581 0.329194 2.255402  0.297653 0.129761 2.091516
0.473581 0.329194 2.255402  0.285110 0.311574 2.110212  0.297653 0.129761 2.091516
0.297653 0.129761 2.091516  0.285110 0.311574 2.110212  0.313483 0.118790 1.921441
0.313483 0.118790 1.921441  0.285110 0.311574 2.110212  0.301366 0.284099 1.883813
0.285110 0.311574 2.110212  0.264592 1.030360 2.052149  0.301366 0.284099 1.883813
0.301366 0.284099 1.883813  0.264592 1.030360 2.052149  0.284476 1.019390 1.728665
0.264592 1.030360 2.052149  0.282211 1.417130 1.921759  0.284476 1.019390 1.728665
0.284476 1.019390 1.728665  0.282211 1.417130 1.921759  0.376219 1.299666 1.670623
0.472119 0.000564 2.349052  0.477869 0.149236 2.281504  0.273548 0.000563 2.144821
0.477869 0.149236 2.281504  0.297653 0.129761 2.091516  0.273548 0.000563 2.144821
0.273548 0.000563 2.144821  0.297653 0.129761 2.091516  0.290990 0.000564 1.916742
0.297653 0.129761 2.091516  0.313483 0.118790 1.921441  0.290990 0.000564 1.916742
0.290990 0.000564 1.916742  0.313483 0.118790 1.921441  0.471221 0.000563 1.776862
0.471221 0.000563 1.776862  0.313483 0.118790 1.921441  0.477055 0.110443 1.784173
0.313483 0.118790 1.921441  0.301366 0.284099 1.883813  0.477055 0.110443 1.784173
0.477055 0.110443 1.784173  0.301366 0.284099 1.883813  0.471871 0.267801 1.749518
0.301366 0.284099 1.883813  0.284476 1.019390 1.728665  0.471871 0.267801 1.749518
0.471871 0.267801 1.749518  0.284476 1.019390 1.728665  0.463559 1.011042 1.573822
0.284476 1.019390 1.728665  0.376219 1.299666 1.670623  0.463559 1.011042 1.573822
0.463559 1.011042 1.573822  0.376219 1.299666 1.670623  0.471221 1.352374 1.561727
0.471221 1.352374 1.561727  0.376219 1.299666 1.670623  0.336721 1.683378 1.613598
0.376219 1.299666 1.670623  0.282211 1.417130 1.921759  0.336721 1.683378 1.613598
0.336721 1.683378 1.613598  0.282211 1.417130 1.921759  0.269557 1.617085 2.074967
0.282211 1.417130 1.921759  0.359958 2.133327 2.408684  0.269557 1.617085 2.074967
0.359958 2.133327 2.408684  0.176915 1.735079 2.160992  0.269557 1.617085 2.074967
0.269557 1.617085 2.074967  0.176915 1.735079 2.160992  0.336721 1.683378 1.613598
0.170477 5.335752 5.441651  0.174537 5.322508 5.459254  0.184860 5.314759 5.450796
0.174537 5.322508 5.459254  0.185244 5.310199 5.496911  0.184860 5.314759 5.450796
0.184860 5.314759 5.450796  0.185244 5.310199 5.496911  0.214509 5.177911 5.577834
0.214509 5.177911 5.577834  0.185244 5.310199 5.496911  0.177237 5.326978 5.566554
0.177237 5.326978 5.566554  0.185244 5.310199 5.496911  0.180586 5.328876 5.521487
0.185244 5.310199 5.496911  0.177028 5.319508 5.489593  0.180586 5.328876 5.521487
0.180586 5.328876 5.521487  0.177028 5.319508 5.489593  0.172294 5.331795 5.510282
0.185244 5.310199 5.496911  0.174537 5.322508 5.459254  0.177028 5.319508 5.489593
-0.439991 3.304172 3.060057  -0.390961 3.699578 3.394559  -0.267103 4.065968 3.236672
0.000552 5.119826 6.008332  -0.115305 5.116644 5.972466  0.000552 5.143417 5.984985
-0.115305 5.116644 5.972466  -0.166885 5.104903 5.794520  0.000552 5.143417 5.984985
0.000552 5.143417 5.984985  -0.166885 5.104903 5.794520  0.000552 5.123794 5.782780
-0.166885 5.104903 5.794520  -0.207760 5.071384 5.600561  0.000552 5.123794 5.782780
0.000552 5.123794 5.782780  -0.207760 5.071384 5.600561  0.000552 5.094712 5.490355
-0.207760 5.071384 5.600561  -0.166885 4.992481 5.796257  0.000552 5.094712 5.490355
0.000552 5.094712 5.490355  -0.166885 4.992481 5.796257  0.000552 4.970697 5.789292
-0.166885 4.992481 5.796257  -0.115305 4.960156 5.956709  0.000552 4.970697 5.789292
0.000552 4.970697 5.789292  -0.115305 4.960156 5.956709  0.000552 4.939599 5.975760
0.116410 4.960156 5.956709  0.000552 4.939599 5.975760  0.000552 4.954017 5.994097
-0.669610 0.000562 1.815088  -0.470117 0.000562 1.776862  -0.801460 0.000563 2.033932
-0.470117 0.000562 1.776862  -0.272443 0.000563 2.144821  -0.801460 0.000563 2.033932
-0.801460 0.000563 2.033932  -0.272443 0.000563 2.144821  -0.760016 0.000564 2.266255
-0.272443 0.000563 2.144821  -0.471014 0.000564 2.349052  -0.760016 0.000564 2.266255
-0.470117 0.000562 1.776862  -0.289885 0.000564 1.916742  -0.272443 0.000563 2.144821
0.000552 4.939599 5.975760  -0.115305 4.960156 5.956709  0.000552 4.954017 5.994097
-0.385462 -0.001122 -0.316145  -0.598868 -0.001117 -0.216984  -0.292658 -0.001157 -0.520017
-0.598868 -0.001117 -0.216984  -0.819338 -0.001118 -0.550778  -0.292658 -0.001157 -0.520017
-0.292658 -0.001157 -0.520017  -0.819338 -0.001118 -0.550778  -0.464271 -0.001052 -0.806569
-0.819338 -0.001118 -0.550778  -0.725280 -0.001092 -0.741893  -0.464271 -0.001052 -0.806569
-0.598868 -0.001117 -0.216984  -0.760988 -0.001131 -0.309224  -0.819338 -0.001118 -0.550778
-0.303450 -0.001132 -0.655089  -0.292658 -0.001157 -0.520017  -0.464271 -0.001052 -0.806569
